name, g, bp-rp, mem
598890347129151104, 13.242,  0.761, Y
598959513281774208, 19.311,  2.414, Y
598889419416217600, 15.742,  1.180, Y
598954080148819072, 18.277,  2.281, Y
598900753834826880, 18.673,  2.188, Y
604964083721158656, 14.239,  1.025, Y
604921512005266048, 10.202,  1.238, Y
604907660735224704, 18.324,  2.025, Y
604916426764196224, 15.276,  1.050, Y
604924088985646464, 18.168,  2.021, Y
604977071702225280, 13.538,  0.744, Y
604918179110923520, 12.196,  0.341, Y
604915018014971264, 18.229,  2.289, Y
604948862357149184, 13.770,  0.779, Y
604996618102694400, 19.827,  2.168, Y
604930544320911744, 13.579,  0.756, Y
604896566835439872, 14.613,  1.051, Y
604969168962427904, 13.488,  0.824, Y
604914605698086784, 16.089,  1.284, Y
604910482529472256, 19.345,  2.252, Y
604904263416796416, 15.092,  1.008, Y
604917285756844800, 18.401,  1.408, Y
604932124868388224, 18.205,  2.015, Y
604922886394972160, 12.659,  0.746, Y
604892787264194048, 17.656,  1.844, Y
604900449485824256, 18.849,  2.183, Y
604906801741863936, 16.684,  1.827, Y
604980056703710336, 18.881,  2.385, Y
604919927161960448, 16.404,  1.658, Y
604919583564564096, 15.630,  1.150, Y
604949034155646592, 13.323,  0.757, Y
604906290641338752, 19.197,  2.240, Y
604997034710156672, 15.610,  1.130, Y
604920171975748224, 17.427,  1.808, Y
604900651348634240, 17.627,  1.803, Y
604917217038188288, 11.145,  1.234, Y
604903331408222208, 18.504,  2.117, Y
604963259087437184, 17.233,  1.725, Y
604905015035445504, 18.105,  1.969, Y
604913815423941120, 12.737,  0.716, Y
604915013719302784, 18.321,  2.022, Y
604912647193030016, 12.502,  1.109, Y
604944082058063616, 16.328,  1.336, Y
604918140455365888, 14.197,  0.959, Y
604894196013526272, 15.875,  1.403, Y
604930445537379712, 17.571,  1.787, Y
604916083166650752, 17.714,  1.868, Y
604896150222841088, 13.297,  0.735, Y
604914021582551168, 14.479,  0.866, Y
604996927335710080, 18.359,  2.005, Y
604901957018617728, 13.990,  0.798, Y
598696107233137920, 18.482,  2.079, Y
598883131584117760, 15.894,  1.288, Y
598903678707639296, 15.944,  1.232, Y
598902476116795776, 18.835,  2.411, Y
604703465105196416, 17.177,  1.686, Y
604713532508424448, 18.538,  2.061, Y
604736381734433664, 13.675,  0.792, Y
604704770775147520, 10.585,  1.306, Y
604712776594182656, 19.038,  2.165, Y
604708992727391488, 13.396,  0.735, Y
604968103810569856, 13.140,  0.744, Y
604948583183812864, 18.071,  1.996, Y
604994045412975744, 13.998,  0.786, Y
605013145137827072, 18.041,  2.267, Y
605000779921664640, 16.140,  1.315, Y
604910860486613632, 13.886,  0.882, Y
604972360122759296, 15.829,  1.186, Y
604920957953908864, 13.474,  0.734, Y
604893405739514624, 16.568,  1.473, Y
604964354309369728, 17.829,  1.938, Y
604911375882674176, 13.980,  0.901, Y
604923470510326784, 13.442,  0.741, Y
604976418867174528, 17.232,  1.693, Y
605005620348847488, 16.506,  1.437, Y
604910310730777472, 11.253,  0.148, Y
604911410242411136, 13.790,  0.775, Y
604930681760054656, 17.761,  1.873, Y
604920962249663360, 12.784,  1.031, Y
604898113023653888, 17.098,  1.954, Y
604920756091232256, 13.037,  0.761, Y
604898490980772352, 16.633,  1.532, Y
604917663714774912, 17.328,  1.732, Y
604938721938173184, 18.288,  2.249, Y
604922297983905920, 19.219,  2.203, Y
604914223445164416, 13.783,  0.759, Y
604951297602424320, 17.889,  1.927, Y
604903576222014080, 17.086,  1.615, Y
604948965436170112, 12.551,  0.773, Y
604918110391371136, 14.902,  0.963, Y
604915086734257152, 15.241,  1.041, Y
604919725299047424, 16.327,  1.605, Y
604919794018524032, 19.601,  1.853, Y
604951435041382912, 19.115,  2.241, Y
604917388836860416, 12.564,  1.005, Y
604996588033758208, 18.268,  2.011, Y
604899414398028928, 16.114,  1.474, Y
604915705209528320, 14.493,  0.881, Y
604963602684833920, 14.483,  1.028, Y
604950477264649600, 12.659,  0.765, Y
604919239966985984, 12.683,  0.763, Y
605002051231938304, 18.774,  2.249, Y
604947518031910912, 16.180,  1.304, Y
598955115235894784,  9.404,  1.469, Y
598899796057231616, 14.849,  0.946, Y
598887254752714240, 19.344,  2.298, Y
598901788922041728, 15.399,  1.080, Y
604975383780541952, 17.320,  1.743, Y
604977312220363776, 17.486,  1.789, Y
604916873440769152, 11.218,  1.219, Y
604917315826476416, 14.767,  0.925, Y
604970990028536320, 15.087,  1.014, Y
604970990028535936, 15.895,  1.349, Y
604896395036758528, 12.590,  0.757, Y
605000844345896960, 16.383,  1.384, Y
604987826300371712, 19.607,  2.098, Y
604921198472075008, 12.510,  0.862, Y
604971367985645184, 14.585,  0.894, Y
604911547681373184, 13.297,  0.739, Y
604916976519992192, 16.786,  1.534, Y
604976315787962240, 13.834,  0.778, Y
605005379830679040, 18.398,  2.307, Y
604896498115959296, 17.528,  1.786, Y
604917835513456512, 11.032,  0.290, Y
604904332136281856, 12.577,  0.749, Y
604966518966784256, 17.609,  1.855, Y
604910207651567360, 16.269,  1.328, Y
604919480485158784, 10.971,  1.242, Y
604967996435524224, 13.394,  0.744, Y
604902923387005824, 14.028,  0.810, Y
604918213470568576, 10.880,  0.345, Y
604917285757662592, 13.063,  0.756, Y
604916461123940992, 13.985,  0.771, Y
604898113023651328, 18.971,  2.179, Y
604921202767809664, 14.777,  1.014, Y
604918071736056960, 15.455,  1.308, Y
604947865924535808, 15.692,  1.163, Y
604917590699705472, 19.031,  2.180, Y
604918213470564992, 13.320,  0.758, Y
604899006376815488, 17.278,  1.729, Y
604909000764935936, 13.534,  0.754, Y
604919617924301184, 17.989,  1.993, Y
604918316549769600, 13.746,  0.861, Y
604926631606409600, 12.289,  1.172, Y
604903713659968256, 16.751,  0.000, Y
604918316549771264, 12.595,  0.746, Y
604922229264424448, 17.097,  1.670, Y
604949201658390400, 17.789,  1.941, Y
604902167472726784, 12.549,  0.749, Y
605008884523860864, 12.800,  1.028, Y
604906355065249408, 16.968,  1.622, Y
604902133112985728, 19.340,  2.407, Y
604919789722799232, 15.228,  1.207, Y
604970302833797376, 18.201,  1.998, Y
604999401236189696, 16.770,  1.552, Y
604911547681374080, 15.170,  1.016, Y
604949102875106816, 18.211,  2.060, Y
604904808882148864, 19.710,  1.993, Y
604918179110939264, 19.180,  2.192, Y
604922096120852864, 14.620,  0.914, Y
598957790999876736, 14.054,  0.795, Y
598885944787392000, 13.723,  0.758, Y
598885979147130496, 13.112,  0.749, Y
598907522703329280, 17.181,  1.951, Y
598908042394421248, 18.978,  2.282, Y
604895948360165888, 16.266,  1.578, Y
604914945000917376, 16.075,  0.000, Y
604963121648488320, 16.721,  1.592, Y
604921713868728448, 18.022,  1.896, Y
604921512005265664, 12.619,  0.756, Y
604891412874700544, 19.025,  2.410, Y
604963740123794048, 16.251,  1.350, Y
604895364244625920, 14.640,  0.891, Y
604932404042610176, 15.549,  1.113, Y
605014141564219776, 17.970,  2.031, Y
604964496038052352, 15.149,  1.208, Y
604930067580245888, 13.362,  0.745, Y
604921164112524800, 18.388,  2.050, Y
604922164840316672, 10.219,  1.250, Y
604989406848278016, 18.177,  1.974, Y
604917629355040896, 15.455,  1.143, Y
604918247830308096, 15.037,  1.028, Y
604975315059831168, 16.926,  1.663, Y
604917526275831040, 13.549,  0.770, Y
604916667282344576, 12.602,  0.922, Y
604917659419190656, 16.987,  1.827, Y
604938550139479680, 17.067,  1.651, Y
604904847532342272, 13.642,  0.783, Y
604969748782357760, 15.447,  1.095, Y
604917629355038848, 12.562,  0.742, Y
604971020092675328, 12.645,  0.733, Y
604922057465737472, 17.649,  1.979, Y
604995522881670272, 15.228,  1.029, Y
604931441969782272, 16.283,  1.395, Y
604925085418183296, 17.141,  1.875, Y
604900277687127552, 15.707,  1.288, Y
604943227360042240, 14.365,  0.858, Y
604963362166649856, 16.797,  1.577, Y
604925875692160640, 13.537,  0.738, Y
604929346025748608, 17.153,  1.947, Y
604898246166933504, 17.381,  1.744, Y
604902987810825728, 18.727,  2.260, Y
604923848467470976, 17.406,  1.732, Y
604906771677660544, 14.239,  1.163, Y
604901239759778176, 16.566,  1.456, Y
604966866859978240, 14.633,  0.900, Y
604969954941058944, 15.964,  1.228, Y
605015004853341824, 19.493,  2.276, Y
598953088011334400, 15.547,  1.102, Y
598888727926385408, 17.648,  1.843, Y
598883337742544128, 14.998,  1.003, Y
598955385818884096, 18.826,  2.196, Y
598903128951834496, 17.009,  1.730, Y
598906633645151744, 15.720,  1.144, Y
604701163002747136, 16.583,  1.717, Y
604699445015802624, 13.769,  0.754, Y
604711299125433472, 15.037,  0.964, Y
604964255519855232, 14.035,  0.821, Y
604921305846834816, 16.319,  1.355, Y
604921512005268608, 15.347,  1.061, Y
604977071702226688, 17.676,  1.839, Y
604896635554924672, 15.882,  1.226, Y
604922783315580288, 15.229,  1.043, Y
604923706733209088, 16.433,  1.671, Y
604907355793322112, 16.563,  1.459, Y
604904950611554432, 10.511,  1.111, Y
604896326317278464, 14.508,  0.881, Y
604989441208017920, 14.476,  1.016, Y
604931132732290944, 14.467,  0.863, Y
604897219670462976, 13.787,  0.782, Y
604917934296936704, 11.352,  1.218, Y
604917491916095872, 12.372,  1.014, Y
604918076031623680, 16.133,  1.537, Y
604896876073077504, 16.357,  1.362, Y
604969787437702784, 15.459,  1.299, Y
604916181950394240, 17.279,  1.699, Y
604921374566324992, 13.759,  0.827, Y
604974357282901504, 13.237,  0.726, Y
604920927889929216, 13.500,  0.758, Y
604921202767811712, 13.190,  0.663, Y
604921816947364480, 15.429,  1.257, Y
604904022898639232, 13.084,  0.741, Y
604948346960902016, 12.849,  0.787, Y
604917629355039360, 14.061,  1.079, Y
604920756091231488, 14.141,  0.857, Y
604922847739721856, 18.126,  1.908, Y
604917865577461888, 12.730,  0.711, Y
604908416650519808, 15.853,  1.234, Y
604906290641339776, 13.046,  0.753, Y
604995660320634880, 14.549,  0.886, Y
604921988746029312, 14.846,  0.949, Y
604900690003981312, 13.363,  0.736, Y
604917698074520320, 17.841,  2.025, Y
604926322368772096, 16.389,  1.518, Y
604914944999667328, 13.422,  0.751, Y
605015309794935552,  8.853,  1.645, Y
604903056530306688, 18.203,  2.161, Y
604905947043939072, 13.617,  0.754, Y
604951851654351360, 15.532,  1.120, Y
604946285376553088, 17.194,  1.712, Y
604970096675364352, 15.476,  1.112, Y
604924531366934784, 19.462,  2.238, Y
604998237300962048, 14.015,  0.806, Y
604966866859978752, 15.328,  1.054, Y
605008476502998144, 18.125,  2.014, Y
604943880195096320, 14.209,  0.846, Y
604908146067299712, 13.994,  0.794, Y
604913952863073920, 16.845,  1.580, Y
605014214579367424, 18.610,  2.141, Y
598900788194342528, 13.070,  0.751, Y
598899933496192128, 16.571,  1.695, Y
598903090297061760, 18.190,  2.052, Y
598955729416267264, 16.691,  1.549, Y
604705011293412992, 12.921,  0.730, Y
604949893149069312, 15.417,  1.084, Y
604904533998990592, 12.974,  0.725, Y
604974769599793152, 17.731,  1.888, Y
604909589176298368, 14.489,  0.888, Y
605001875138050944, 18.277,  2.358, Y
604906148906681088, 14.718,  0.971, Y
604911307163200000, 15.009,  1.176, Y
604977999415233536, 15.330,  1.048, Y
604913811128465408, 17.838,  1.890, Y
604998477819129600, 16.148,  1.315, Y
604898731498904704, 16.253,  1.341, Y
604902923387008000, 14.363,  0.846, Y
604957001319035520, 19.378,  2.045, Y
604917835513458688, 11.813,  1.188, Y
604996347515377792, 13.573,  0.754, Y
604918041671892352, 13.350,  0.761, Y
604923947251366656, 15.475,  1.368, Y
604946972571361152, 12.660,  0.749, Y
604920305119088128, 17.844,  2.268, Y
604920824810716672, 15.124,  1.205, Y
604916736001826432, 13.709,  0.764, Y
604908416649384960, 12.510,  0.879, Y
604924531366686080, 13.906,  0.798, Y
604902369335564672, 15.728,  1.272, Y
604964079425764736, 17.640,  1.866, Y
604920687371751936, 13.815,  0.770, Y
604903370063591424, 14.562,  0.899, Y
604948724917993984, 14.063,  0.824, Y
604969267746269696, 15.576,  1.141, Y
604903713659968768, 16.502,  1.593, Y
604960334214210688, 17.378,  1.759, Y
604906221921860224, 14.608,  0.947, Y
604995419802460288, 13.573,  0.750, Y
604909756679296640, 15.661,  1.142, Y
604920339478833536, 18.077,  1.996, Y
604929620903656192, 16.152,  1.676, Y
604919209902956160, 15.085,  1.012, Y
604896463756224640, 18.155,  2.122, Y
604920927889741696, 14.685,  0.981, Y
604930445537379968, 19.111,  2.467, Y
604897558972113024, 14.762,  0.996, Y
604902334975837312, 19.418,  2.296, Y
604963877562742400, 12.741,  0.713, Y
604916903504793856, 14.344,  0.852, Y
604972394482498944, 17.055,  1.821, Y
604916319389359616, 17.333,  1.821, Y
604905912684189952, 19.772,  2.146, Y
604976625025624960, 17.767,  1.909, Y
604917594995372160, 17.071,  1.693, Y
604962331374512640, 14.296,  0.857, Y
604912406674856064, 12.986,  0.753, Y
598695763635752448, 15.423,  1.075, Y
598889900452561024, 15.382,  1.075, Y
604711088672257152, 18.694,  2.370, Y
604712188183890304, 17.256,  1.707, Y
604999165013904640, 16.373,  1.383, Y
604892989126939648, 15.846,  1.415, Y
604917281461922432, 13.057,  0.761, Y
604917491915139200, 15.996,  1.146, Y
604923126912959104, 13.513,  0.814, Y
604891584673389312, 14.789,  0.941, Y
605015412874544896, 19.250,  2.482, Y
604950545984126080, 17.882,  1.915, Y
604921030968952704, 17.492,  2.033, Y
604897838145767168, 14.753,  0.941, Y
604976762464567680, 16.143,  1.396, Y
604971471064858496, 15.540,  1.125, Y
604971466769552128, 16.526,  1.474, Y
604917831217725312, 12.555,  0.776, Y
604922267919526912, 15.323,  1.051, Y
604969027228087424, 18.549,  2.257, Y
604967858996581120, 18.859,  2.218, Y
604904469575229696, 13.255,  0.739, Y
604899899730026496, 18.044,  1.979, Y
604921065328866688, 18.512,  2.301, Y
604916392404461184, 17.257,  1.689, Y
604905431647872384, 17.667,  2.113, Y
604964010706281856, 16.381,  1.426, Y
604921374566323200, 13.734,  0.760, Y
604917972952400256, 15.316,  1.055, Y
604894913272281856, 18.689,  2.408, Y
604918247830311552, 14.720,  0.940, Y
604984935786576896, 18.470,  2.044, Y
604905019331023104, 16.229,  1.479, Y
604912063077484032, 15.620,  1.113, Y
604901407262883456, 17.189,  1.663, Y
604920786155223552, 13.625,  0.762, Y
604996106997219712, 15.504,  1.139, Y
604971088812177280, 14.298,  0.855, Y
604964251224459520, 17.920,  2.051, Y
604905122410226688, 16.265,  1.385, Y
604945804340420736, 15.080,  1.001, Y
604970921309068544, 15.232,  1.064, Y
604931064012660992, 13.521,  0.749, Y
604962292719320832, 18.563,  2.073, Y
604907046555569664, 18.820,  2.097, Y
604963357876984704, 17.815,  2.194, Y
604923809818135936, 18.258,  2.078, Y
604942505805554176, 14.354,  0.851, Y
604975693017389952, 15.166,  1.012, Y
604974078109680000, 17.365,  1.842, Y
598692675554477056, 14.431,  0.862, Y
598884952650222336, 13.161,  0.739, Y
598883642685066368, 19.004,  2.296, Y
598959234109103104, 16.766,  1.530, Y
598902235598635776, 19.298,  2.340, Y
598959921303885952, 18.482,  2.341, Y
604703941846497280, 13.153,  0.741, Y
604713669947377024, 17.615,  1.890, Y
604924668805890816, 17.722,  2.074, Y
604999779194000640, 17.936,  2.228, Y
604970783870102912, 18.503,  2.176, Y
604917453260607488, 13.642,  0.857, Y
604911685120320512, 14.927,  0.991, Y
604918140455366528, 14.248,  0.853, Y
604969031523465728, 13.515,  0.750, Y
604969237681908480, 16.795,  1.512, Y
604901823875341056, 12.259,  1.133, Y
604976453226906880, 16.704,  1.522, Y
604910546953300608, 16.642,  1.465, Y
604916632922617088, 14.042,  0.806, Y
604902923387005696, 14.458,  0.886, Y
604984420390494976, 16.627,  0.933, Y
604921271487287296, 12.675,  0.755, Y
604920549932808320, 14.000,  0.790, Y
604916598562882048, 14.420,  0.904, Y
604907454576711040, 13.234,  0.745, Y
604972394482498304, 18.941,  2.214, Y
604916598562883968, 16.000,  1.419, Y
604950786502478720, 15.070,  0.998, Y
605016241803914368, 12.476,  0.799, Y
604949923212906880, 19.302,  2.303, Y
604921679508385664, 14.659,  0.908, Y
604903370063592192, 19.831,  2.365, Y
604911886983070720, 17.251,  1.710, Y
604950305466150144, 18.082,  2.205, Y
604933121300811520, 18.154,  1.990, Y
604898314886415744, 19.229,  2.122, Y
604916495483676416, 15.507,  1.239, Y
604919789722800256, 13.663,  0.768, Y
604915086734256000, 15.195,  1.154, Y
604931338890569344, 18.739,  2.219, Y
604906737317927296, 13.277,  0.748, Y
604916525547792256, 18.300,  2.365, Y
604963087288739584, 14.602,  0.990, Y
604920275054845824, 14.426,  0.880, Y
604987139105593344, 16.043,  1.273, Y
604988612278594048, 17.290,  1.733, Y
604929620903657856, 19.235,  2.235, Y
604995278068254208, 18.840,  2.117, Y
604938447060218112, 12.633,  0.732, Y
604910443873993600, 13.291,  0.756, Y
604918380975179520, 18.366,  2.183, Y
604933018221557120, 14.643,  0.892, Y
604970676495561088, 17.977,  1.997, Y
604890038485174912, 14.454,  0.862, Y
604911096708974080, 14.437,  1.007, Y
598904842643466240, 15.072,  0.983, Y
598906251392995968, 18.721,  2.438, Y
598888109451094912, 19.062,  2.264, Y
598905667277445376, 18.276,  2.016, Y
598901995080469888, 15.204,  1.217, Y
598955660696788736, 18.197,  2.018, Y
598893954901717248, 12.614,  0.730, Y
598899997920577664, 18.487,  2.119, Y
604713017112350592, 16.455,  1.409, Y
604705969071060224, 12.733,  0.714, Y
604981847705911680, 15.338,  1.059, Y
605002600987738496, 17.347,  2.131, Y
604895810921215744, 16.503,  1.435, Y
604949961868553856, 15.412,  1.080, Y
604921718163730560, 13.883,  0.869, Y
604917594995372544,  9.918,  1.412, Y
604914880575997056, 16.386,  1.389, Y
604989372488540416, 12.509,  0.861, Y
604909692255500544, 16.979,  1.585, Y
604969340761109760, 14.833,  1.077, Y
605004387694123136, 13.593,  0.751, Y
604903198264917504, 14.429,  1.022, Y
604918041671889792, 12.682,  0.663, Y
604974322923167488, 13.715,  0.753, Y
604971058748016384, 13.311,  0.751, Y
604904229057064320, 16.365,  1.510, Y
604922435422864512, 17.450,  2.245, Y
605015279731223552, 18.234,  2.227, Y
605000745561898240, 15.929,  1.217, Y
604916529843405696, 14.723,  1.074, Y
604969615639180416, 14.404,  0.860, Y
604912471098638720, 15.478,  1.089, Y
604917938592657024, 14.779,  0.933, Y
604924290848519168, 12.051,  1.160, Y
604898972017070592, 15.919,  1.212, Y
604899831010539904, 13.304,  0.754, Y
604920202039656064, 10.206,  1.244, Y
604948278241425152, 14.447,  0.868, Y
604920653012016896, 15.453,  1.061, Y
604969267746267520, 17.269,  1.690, Y
604914189085426560, 12.591,  0.666, Y
604997240868589824, 17.908,  1.938, Y
604947621110416640, 16.307,  1.614, Y
604918591427681024, 10.866,  0.281, Y
604909310002693632, 17.813,  1.966, Y
604903713660959488, 10.639,  0.144, Y
604899178175495168, 15.501,  1.190, Y
604906428080283776, 14.554,  0.897, Y
604998404803662080, 13.531,  0.757, Y
604915292892687744, 15.271,  1.035, Y
604922748956025216, 12.017,  1.172, Y
604917487620477056, 15.459,  1.309, Y
604918900665306112, 18.559,  2.241, Y
604988204257490176, 16.586,  1.433, Y
604917835513458816, 15.571,  1.100, Y
604961021408999808, 17.654,  1.862, Y
604890927542618112, 18.680,  2.051, Y
604906840397139584, 17.788,  1.959, Y
604948759277929984, 19.451,  2.431, Y
604933125596954240, 14.789,  0.931, Y
604970508992220288, 15.480,  1.098, Y
604930445537381632, 14.844,  0.956, Y
604899453053404160, 13.064,  0.766, Y
604903468852379904, 12.586,  0.747, Y
598890381488889088, 14.012,  0.797, Y
598898073775010816, 13.372,  0.733, Y
598907179105947520, 19.255,  2.223, Y
598885738628962432, 13.410,  0.759, Y
604711500989123584, 16.673,  1.527, Y
604704560321786368, 12.689,  0.710, Y
604907592015745792, 15.370,  1.280, Y
604946835132357120, 13.123,  0.757, Y
604973635728426752, 14.868,  0.944, Y
604909142499704704, 15.155,  1.018, Y
604921821242942464, 13.713,  0.765, Y
604966454543134720, 16.343,  1.371, Y
604920824810533376, 13.445,  0.757, Y
604905633510610048, 14.707,  0.916, Y
604922817675316096, 14.981,  0.983, Y
604910001493155584, 12.614,  0.933, Y
604962743691561472, 16.497,  1.410, Y
604909726615246080, 14.342,  0.832, Y
604990368920963456, 15.027,  0.988, Y
604971402345381120, 13.630,  0.758, Y
604916697346488960, 17.655,  1.794, Y
604892306227881856, 15.591,  1.128, Y
604969306401373952, 16.954,  1.602, Y
604968236953708416, 19.237,  2.373, Y
604897047871749376, 12.550,  0.759, Y
604921408926071424, 14.837,  0.937, Y
604922164840316416, 15.988,  1.512, Y
604920584292552832, 13.644,  0.773, Y
604903232624649344, 13.223,  0.768, Y
604895428668355200, 18.066,  2.260, Y
604920030241180672, 16.337,  1.405, Y
604897288389930880, 17.853,  2.073, Y
604916598562883456, 17.762,  2.111, Y
605000401964512896, 16.419,  1.409, Y
604997172149101312, 16.789,  1.576, Y
605005418486272896, 14.057,  0.821, Y
604920756091231744, 10.845,  1.249, Y
604903576222015488, 16.105,  1.279, Y
604922886394970240, 16.921,  1.566, Y
604924393927734528, 12.620,  0.926, Y
604918316549769728, 13.829,  0.780, Y
604906599878984832, 15.741,  1.323, Y
604907076619776640, 16.590,  1.475, Y
604899826720145024, 14.880,  0.961, Y
604948686262313984, 18.716,  2.182, Y
604977587098272768, 13.217,  0.718, Y
604962984209526400, 14.784,  1.041, Y
604917934296938240, 12.418,  0.770, Y
604929655263400832, 19.417,  2.371, Y
604891923975026816, 13.078,  0.741, Y
604891992694503040, 13.603,  0.746, Y
604976208413473792, 18.020,  2.261, Y
604894917568011520, 18.391,  2.126, Y
604916048806915200, 15.988,  1.506, Y
604944086353518592, 13.864,  0.792, Y
604915739569261184, 12.556,  0.926, Y
598694939001774976, 13.923,  0.783, Y
598890106610992256, 16.636,  1.612, Y
598890106610992896, 16.020,  1.247, Y
604703052788343296, 12.250,  1.146, Y
604709546778878208, 18.769,  2.136, Y
604701953276603520, 12.977,  0.760, Y
604711505283863808, 17.586,  2.112, Y
604701128643010816, 13.153,  0.740, Y
604913952863074688, 13.460,  0.823, Y
604909898413942656, 15.338,  1.176, Y
604910546953207680, 14.020,  0.863, Y
604910688687928576, 13.370,  0.734, Y
604922027401374080, 16.353,  1.382, Y
604909657895767680, 13.589,  0.748, Y
604917659419033600, 13.106,  0.753, Y
604914777496782720, 13.371,  0.782, Y
604911547681374976, 17.520,  1.814, Y
604917899937362048, 17.865,  1.894, Y
604896837417607808, 13.054,  0.753, Y
604972463201969920, 15.547,  1.115, Y
604988376056169088, 16.800,  1.529, Y
604968133874491392, 17.578,  1.827, Y
604921713868337280, 16.719,  1.526, Y
604893165221336064, 12.581,  0.744, Y
604922779020036992, 12.953,  0.743, Y
604896498115955968, 13.996,  0.914, Y
604916564203137280, 13.861,  0.825, Y
604917629355042176, 10.166,  1.248, Y
604909894118250240, 17.704,  2.067, Y
604904057258372736, 15.105,  0.997, Y
604922302279259008, 13.415,  0.790, Y
604961777323248384, 19.087,  2.330, Y
604920653012020864, 15.783,  1.424, Y
604917831217881728, 12.570,  0.774, Y
604898903297606272, 16.713,  1.637, Y
604917491916094336, 18.055,  1.945, Y
604981087495865216, 19.691,  2.489, Y
604917590699705344, 17.331,  1.848, Y
604969783142095744, 12.618,  0.751, Y
604997309588066304, 16.182,  1.326, Y
604908863325982976, 13.295,  0.751, Y
604915391677373824, 18.388,  1.904, Y
604926494167461376, 15.645,  1.433, Y
604899315614438784, 15.844,  1.186, Y
604923333071376512, 15.679,  1.168, Y
604939241630372864, 15.957,  1.244, Y
604922985178465152, 12.700,  0.773, Y
604915189813463808, 13.482,  0.736, Y
604969237681904896, 16.309,  1.533, Y
604914601402325504, 12.139,  1.153, Y
605000848641142400, 15.674,  1.263, Y
604967588414483712, 17.493,  1.805, Y
604908352225723520, 18.938,  2.000, Y
604960441588923264, 15.982,  1.253, Y
598695007721506432, 17.277,  1.738, Y
598889213257785984, 17.074,  1.624, Y
598900105294874496, 17.020,  1.616, Y
598905568493286528, 16.248,  1.328, Y
598907660142282624, 18.391,  2.314, Y
598902682275232640, 13.572,  0.756, Y
604704697760911616, 16.388,  1.520, Y
604894745769327232, 15.349,  1.266, Y
604981607187745792, 13.402,  0.725, Y
604909894118735360, 19.592,  2.156, Y
604906565519358464, 14.236,  0.826, Y
604993667455856896, 14.054,  0.805, Y
604897833850019328, 14.382,  0.858, Y
604914262100725248, 16.169,  1.305, Y
604911135364520448, 14.800,  0.937, Y
604921030968952832, 13.137,  1.251, Y
604977209141167104, 15.581,  1.343, Y
604922267919525504, 14.017,  0.815, Y
604897799490329216, 19.447,  2.326, Y
604921340206591744, 16.980,  1.671, Y
604911341522929536, 13.025,  0.751, Y
604915499051114496, 12.915,  0.787, Y
604916010151555072, 13.405,  0.739, Y
604947281809005312, 14.931,  1.045, Y
604918793290569856, 17.401,  1.936, Y
604918247830312832, 18.986,  2.057, Y
604946865196193280, 17.324,  1.724, Y
604918591427678848, 12.487,  0.781, Y
604916529843406976, 14.993,  1.006, Y
604917354477131392, 14.746,  1.118, Y
605000642482686848, 17.328,  1.734, Y
604904572654435456, 15.947,  1.256, Y
604917148318677120, 13.669,  0.760, Y
604916117526551680, 14.433,  0.860, Y
604969748782357888, 13.099,  0.768, Y
604917006584145792, 18.616,  2.059, Y
604916594267287040, 17.212,  1.636, Y
604996897271215104, 14.855,  0.943, Y
604919965817201152, 15.539,  1.117, Y
604915597834696448, 14.983,  0.970, Y
604917625061651328, 16.625,  1.378, Y
604926494167460352, 14.438,  1.013, Y
604970062315630336, 19.665,  2.552, Y
604939241630374144, 14.016,  0.841, Y
604943429222316032, 15.288,  1.054, Y
604908592743901184, 17.219,  2.010, Y
604923848467467648, 13.174,  0.797, Y
604921855602675968, 12.417,  0.904, Y
604897696411107712, 19.341,  1.675, Y
604967966371608576, 19.731,  2.221, Y
604894638394355584, 13.184,  0.734, Y
604902304911675904, 18.507,  2.283, Y
604894913272261632, 14.787,  0.931, Y
604893676321680128, 13.903,  0.774, Y
605001329677769088, 14.235,  0.848, Y
604949888853089664, 12.532,  0.765, Y
604994079772706688, 17.540,  2.048, Y
604914055942336000, 15.834,  1.437, Y
604913987222816768, 16.102,  1.355, Y
604895089366706304, 13.874,  0.898, Y
604909760974981120, 16.238,  1.595, Y
598905667277444352, 17.110,  1.747, Y
598901754562312448, 14.061,  0.773, Y
598885880363159296, 15.023,  0.986, Y
598903953585548672, 13.659,  0.749, Y
598888697861717376, 16.645,  1.521, Y
598959822520052480, 14.203,  0.811, Y
598958581274116608, 17.906,  2.101, Y
598956313531822080, 18.388,  2.341, Y
604713463788946432, 14.868,  0.965, Y
604895055006972800, 16.057,  1.270, Y
604914159021501184, 17.915,  1.979, Y
604914949295282816, 14.467,  0.868, Y
604964083721159936, 16.588,  1.524, Y
604917625065211008, 16.097,  1.279, Y
604948651903292672, 17.972,  1.985, Y
604920824810533632, 15.247,  1.118, Y
604972467497283200, 15.266,  1.047, Y
605000024007420416, 13.155,  0.777, Y
604897631987335296, 13.549,  0.747, Y
605013767903055616, 13.498,  0.741, Y
604969615638992896, 19.330,  2.270, Y
604922061761107584, 14.870,  0.953, Y
604931819926896384, 16.087,  1.288, Y
604922920754523520, 15.300,  1.064, Y
604896566835438464, 12.233,  0.543, Y
604956142325569408, 18.771,  2.117, Y
605001054799578240, 16.844,  1.563, Y
604973085972551296, 13.417,  0.752, Y
604917831219174528, 13.167,  0.798, Y
604966003570704256, 17.867,  2.046, Y
604919033808556800, 13.939,  0.899, Y
604916254965494528, 15.126,  1.012, Y
604920653012018688, 13.731,  0.762, Y
604965522534368256, 17.540,  1.961, Y
604969546919528576, 14.757,  0.948, Y
604917972952402048, 16.707,  1.770, Y
604920549932809472, 17.114,  1.725, Y
604988784077232384, 12.442,  0.790, Y
604969134602863744, 13.251,  0.748, Y
604917732434252032, 15.942,  1.214, Y
604904881892076032, 17.977,  1.962, Y
604912402379032704, 14.019,  0.798, Y
605001707634588544, 15.218,  1.023, Y
604916839081025280, 15.503,  1.468, Y
604962365734255744, 13.197,  0.788, Y
604903984243279232, 17.032,  1.715, Y
604913536250548352, 16.788,  1.531, Y
604914193381246336, 16.178,  1.483, Y
604910340794779264, 13.146,  0.767, Y
598955042221499648, 15.325,  1.079, Y
598960956391419648, 18.940,  2.338, Y
598884746491793024, 13.026,  0.749, Y
598960436699728256, 14.523,  1.037, Y
598956523984534272, 19.051,  2.271, Y
598903674412626432, 18.014,  1.965, Y
598954183228036992, 16.005,  1.267, Y
598901990787565184, 17.838,  1.854, Y
598907836235995008, 14.345,  0.833, Y
604696730596495744,  9.691,  1.431, Y
604736690972080512, 16.876,  1.569, Y
604916559907415040, 12.526,  0.895, Y
604966763780773248, 19.477,  2.289, Y
604999886568459392, 17.900,  1.926, Y
604944803611816960, 13.290,  0.792, Y
604916422468464768, 12.489,  0.760, Y
604911509025877248, 13.375,  0.785, Y
604956352779862656, 18.735,  2.429, Y
604897631987337600, 15.027,  0.987, Y
604897906865245440, 13.554,  0.760, Y
604914536978619520, 13.310,  0.805, Y
604914846216261888, 15.483,  1.109, Y
604907390153062272, 10.959,  1.241, Y
604921129752600832, 12.811,  1.046, Y
604920923594172672, 13.250,  0.759, Y
604896807353611264, 17.451,  1.797, Y
604922474077954944, 15.068,  0.982, Y
604965664269158656,  9.089,  1.494, Y
604957039974640768, 18.616,  2.148, Y
604920648716270848, 12.505,  0.792, Y
604911341522931328, 15.520,  1.275, Y
604923367431112832, 10.230,  1.257, Y
604913948567397888, 17.460,  1.779, Y
604922779020036736, 13.580,  0.771, Y
604892787264190976, 17.763,  1.890, Y
604922641581304576, 15.524,  1.112, Y
604923607949286912, 14.272,  0.852, Y
604921168408082048, 13.163,  0.753, Y
604898456621037824, 14.383,  0.996, Y
604946938211615360, 16.668,  1.785, Y
604969924876649088, 14.351,  0.843, Y
604916598562881280, 15.943,  1.283, Y
604916770361557504, 12.739,  1.090, Y
604918247830312576, 13.958,  0.806, Y
604917869873191424, 15.210,  1.217, Y
604911749544005632, 12.490,  0.779, Y
604919450421136000, 12.370,  0.841, Y
604916598562886272, 17.156,  1.637, Y
604904293480903808, 16.273,  1.326, Y
604970058020251520, 18.813,  2.256, Y
604916701642080000, 13.262,  0.742, Y
604930235082768768, 17.023,  1.628, Y
604971093107922432, 15.031,  0.971, Y
604920481213271296, 14.328,  0.997, Y
604943291783363840, 15.925,  1.240, Y
604917045239468544, 13.568,  0.836, Y
604999852208716800, 15.716,  1.164, Y
604907523302217472, 18.280,  1.994, Y
604916181950391936, 17.057,  1.603, Y
604906256281593472, 13.897,  0.777, Y
604930681760052096, 19.454,  2.062, Y
604960952689519488, 19.017,  2.428, Y
604900239031753728, 17.546,  2.135, Y
604920717435743872, 12.666,  0.740, Y
604968928444252288, 19.161,  2.218, Y
604894707113832704, 12.574,  0.746, Y
604908004332577152, 14.322,  0.842, Y
604907218354253568, 18.835,  2.168, Y
604902407990875520, 16.403,  1.391, Y
604991842094009984, 18.985,  2.358, Y
604948724917993088, 12.841,  0.730, Y
604963637044570880, 15.141,  0.995, Y
604922027401371904, 17.050,  1.631, Y
604982809778600064, 14.993,  0.966, Y
604896631259208192, 18.738,  2.155, Y
604960235430488960, 14.946,  0.975, Y
598696077168308992, 17.438,  2.049, Y
598954118803488384, 15.230,  1.109, Y
598901995079871744, 17.458,  2.028, Y
598956420905951360, 15.651,  1.132, Y
598900478956925056, 18.525,  2.372, Y
598902437462030336, 17.425,  1.855, Y
604704633336193152, 16.608,  1.481, Y
604924737525369344, 18.079,  2.057, Y
604967760213166336, 15.259,  1.122, Y
604921580724745984, 14.027,  0.808, Y
604947144370041728, 15.399,  1.083, Y
604921924322164608, 12.626,  1.135, Y
604911582041107456, 13.070,  0.782, Y
604971093107738624, 15.510,  1.103, Y
604917934296937344, 12.116,  0.746, Y
604973017253073536, 13.580,  0.750, Y
604910551248951680, 16.057,  1.275, Y
604902923387005440, 14.220,  0.829, Y
604916426764198400, 12.682,  1.103, Y
604918179110834560, 15.525,  1.090, Y
604921202767814016, 14.436,  0.998, Y
604916529843404928, 17.517,  1.767, Y
604912196220603264, 12.796,  0.704, Y
604904778812856064, 15.189,  1.200, Y
604975796096306432, 13.511,  0.735, Y
604962189640269440, 19.436,  2.222, Y
604918522708192256, 14.157,  0.878, Y
604895325589137920, 15.630,  1.123, Y
604905534727082880, 14.804,  0.934, Y
604921748227889152, 14.727,  0.922, Y
604905599150996736, 15.475,  1.274, Y
604907115275046784, 16.206,  1.325, Y
604916559907536512, 18.502,  2.209, Y
604960609092133248, 18.366,  2.078, Y
604987070386114688, 13.770,  0.768, Y
604923607949288064, 13.840,  0.777, Y
604915877008228096, 14.382,  0.870, Y
604961163143414912, 13.460,  0.741, Y
598959032246073216, 11.791,  1.179, Y
598906290047773440, 16.987,  1.618, Y
598886052161851264, 13.031,  0.757, Y
598906908523048576, 19.136,  2.491, Y
598882371374732544, 18.802,  2.186, Y
604709267605418240, 16.206,  1.310, Y
604702636176594816, 17.355,  1.949, Y
604956623361917312, 16.737,  1.704, Y
604914983655019520, 13.170,  0.802, Y
604999882273217152, 19.561,  2.222, Y
604971917741440640, 18.565,  2.115, Y
604903026466307840, 13.884,  0.892, Y
604897077940873088, 19.627,  2.414, Y
604896051439391104, 14.400,  0.851, Y
604917698074587136, 15.013,  0.984, Y
604970783870102656, 14.086,  0.837, Y
604945598181981056, 16.008,  1.257, Y
604896635554923008, 13.164,  0.754, Y
604909726615246336, 14.627,  0.897, Y
604910379450263168, 14.346,  0.843, Y
604911375882674944, 12.221,  0.936, Y
604917728138508160, 11.231,  1.074, Y
604911650760586624, 14.393,  0.876, Y
604911204083987328, 15.482,  1.082, Y
604978858408693888, 14.270,  0.828, Y
604969443840314496, 15.531,  1.131, Y
604904263416797440, 16.736,  1.544, Y
604918247830309376, 13.865,  0.808, Y
604923470510324224, 12.666,  1.125, Y
604904297776551680, 13.991,  0.788, Y
604917148318674816, 15.502,  1.113, Y
604920786155388544, 15.336,  1.032, Y
604917629355038720, 12.693,  0.751, Y
604930509961364352, 17.301,  1.727, Y
604917629355037568, 13.999,  0.909, Y
604996106997222912, 13.658,  0.773, Y
604906599878983680, 15.344,  1.070, Y
604943394862576384, 18.589,  2.248, Y
604973979325779328, 14.894,  0.973, Y
605009949676900352, 12.710,  1.112, Y
604987310904290176, 16.627,  1.464, Y
604915395971900672, 14.468,  1.020, Y
604920515573076352, 13.768,  0.765, Y
604969168962428672, 15.142,  1.009, Y
604902648509053184, 19.001,  2.251, Y
604907012195819648, 12.620,  0.751, Y
604939550868021760, 15.332,  1.063, Y
604915773929008384, 15.170,  1.011, Y
604950236746474880, 19.153,  2.305, Y
604928658830961280, 15.387,  1.064, Y
604901548997418112, 19.159,  2.194, Y
604962709331635072, 17.469,  1.803, Y
604969954941056384, 18.790,  2.141, Y
604918179110923392, 13.570,  0.730, Y
604987547126699264, 18.092,  2.037, Y
598697142320464384, 12.623,  0.734, Y
598695424333303168, 18.954,  2.153, Y
598900551971467648, 15.396,  1.076, Y
598901784626987008, 17.831,  1.876, Y
598884295519951616, 15.322,  1.044, Y
598956485330513536, 17.615,  1.858, Y
598906942882791424, 18.116,  1.962, Y
604712600500056320, 18.353,  2.062, Y
604708825224352640, 15.559,  1.308, Y
604962193935568896,  8.217,  1.812, Y
604921271487102464, 13.134,  0.773, Y
604923023833743744, 15.527,  1.125, Y
604957516715120896, 17.862,  1.944, Y
604972089540120832, 13.397,  1.297, Y
604924226424589568, 18.262,  2.140, Y
605017925431108736, 17.596,  1.933, Y
604911375882674560,  9.253,  1.528, Y
604971093107735040, 16.500,  1.414, Y
604968683630309632, 17.640,  1.863, Y
604974151124482944, 15.827,  1.196, Y
604969306401373824, 15.884,  1.221, Y
604962636316716800, 16.706,  1.645, Y
604924776180388736, 13.665,  0.821, Y
604923191337116672, 18.795,  2.165, Y
604917766793981184, 14.028,  0.803, Y
604898009944444032, 16.671,  1.493, Y
604920515573077632, 14.705,  0.907, Y
604972944238043904, 14.864,  0.952, Y
604916976519989248, 13.957,  0.815, Y
604920549932807296, 17.363,  1.737, Y
604965178937376512, 16.664,  1.463, Y
604917663714774272, 15.867,  1.264, Y
604904641373911296, 15.445,  1.071, Y
605001879433257216, 19.070,  2.338, Y
604898864643937920, 19.516,  1.904, Y
604904847532342528, 13.349,  0.801, Y
604917972952399232, 12.449,  0.769, Y
604900449485821568, 14.087,  0.804, Y
604945456446899968, 17.903,  2.249, Y
604947831564803840, 15.384,  1.065, Y
604911268509027328, 12.694,  0.705, Y
604946693397490816, 16.987,  1.613, Y
604902098753249280, 19.705,  2.006, Y
604905500367349888, 12.707,  0.985, Y
604964118080894464, 14.570,  0.921, Y
604911685120318592, 17.845,  1.910, Y
604894535315152512, 17.069,  1.666, Y
604909619240334592, 19.388,  2.287, Y
604909241283211648, 16.080,  1.282, Y
604907046555568896, 16.864,  1.560, Y
604907115275046656, 13.094,  0.776, Y
604906153202364544, 14.496,  0.881, Y
604920893530008064, 17.402,  1.735, Y
604920889234433792, 13.657,  0.757, Y
604897696411104256, 17.069,  1.617, Y
604906118842621568, 16.704,  1.503, Y
598694835922812800, 18.908,  2.352, Y
598902888433673984, 16.223,  1.328, Y
598955149595631872, 14.035,  0.801, Y
598903055937325312, 18.239,  2.048, Y
598885017074625536, 17.772,  2.164, Y
598903987945320832, 17.182,  1.682, Y
604736072496791168, 14.514,  0.880, Y
604708790864617344, 12.500,  0.795, Y
604999886568459136, 17.268,  1.690, Y
604947724190083712, 13.651,  0.772, Y
604917281461920256, 12.637,  0.738, Y
604976625025626624, 18.121,  1.960, Y
604911199788235648, 13.314,  0.773, Y
604999439891812736, 18.278,  2.076, Y
604914949295475712, 15.874,  1.245, Y
604917796857988480, 13.476,  0.763, Y
604976625025623424, 15.730,  1.177, Y
604922233559793664, 16.225,  1.337, Y
604962640612163200, 14.358,  0.841, Y
604921855602675840, 13.745,  0.779, Y
604922920754526336, 15.000,  1.014, Y
604922920754523136, 13.078,  0.762, Y
604904641373912960, 16.667,  1.682, Y
604923126912957952, 18.037,  1.931, Y
604920549932810368, 16.924,  1.568, Y
604919244262692352, 15.061,  0.985, Y
604977552738539776, 15.271,  1.025, Y
604905156769963136, 10.144,  1.239, Y
604919278622426624, 17.897,  1.927, Y
604917320117398400, 13.331,  0.866, Y
605002016872204416, 15.341,  1.097, Y
604905534727086336, 13.333,  0.653, Y
604910310730772992, 13.004,  0.762, Y
604903812444576512, 17.175,  1.932, Y
605003013304624128, 17.371,  1.746, Y
604903576222015616, 15.086,  1.003, Y
604912368019294976, 13.922,  0.778, Y
604920756091231232, 15.286,  1.265, Y
604912058781650176, 13.556,  0.745, Y
604910100276687232, 17.573,  1.848, Y
604898211807205504, 16.131,  1.395, Y
605000573763220224, 16.686,  1.489, Y
604915322956791168, 12.713,  0.714, Y
604944361231413760, 18.892,  2.021, Y
604913574905773312, 15.431,  1.073, Y
604918763226358656, 14.981,  0.989, Y
604918076031622144, 12.498,  0.769, Y
604913540546033024, 16.324,  1.368, Y
604913742408986752, 19.400,  2.316, Y
604907252713995008, 14.046,  0.935, Y
604951301898543104, 13.963,  0.890, Y
604913403107275008, 19.469,  2.298, Y
604901171040299904, 19.068,  2.085, Y
604914949295285376, 15.373,  1.074, Y
604973184756492544, 16.366,  1.405, Y
604910340794780032, 14.371,  0.898, Y
604910237715563904, 15.254,  1.064, Y
604908008628339200, 19.615,  2.496, Y
604919690939411456, 11.877,  1.176, Y
604922130480588544, 16.752,  1.504, Y
598882371374735744, 18.801,  2.260, Y
598903919225812736, 18.732,  2.263, Y
598902716634970240, 16.034,  1.250, Y
604711539643602816, 14.842,  0.959, Y
604703499464932736, 14.313,  0.839, Y
604946732053144576, 13.075,  0.768, Y
604895158086185856, 15.904,  1.215, Y
604923882827217024, 13.992,  0.797, Y
604969856157171584, 18.733,  2.116, Y
604923023833744896, 16.855,  1.559, Y
604901686436367232, 17.132,  1.638, Y
604948342665639040, 17.986,  2.010, Y
604975800391903744, 18.241,  2.088, Y
605017787992165888, 12.402,  0.791, Y
604913162588927488, 14.966,  0.979, Y
604907110979352576, 13.714,  0.764, Y
604918243534758400, 17.079,  1.636, Y
604910207651564544, 17.870,  2.083, Y
604917285757665920, 12.797,  0.609, Y
604918144751101440, 10.234,  1.269, Y
604921134048344960, 17.781,  2.147, Y
604993598736391040, 14.047,  0.801, Y
604968752349766912, 13.793,  0.777, Y
604904538294704768, 13.235,  0.736, Y
604947006931096320, 18.208,  2.073, Y
604897288389928832, 13.423,  0.743, Y
604904396560128256, 16.151,  1.286, Y
604914910640118656, 16.024,  1.282, Y
604916804721291776, 14.127,  0.984, Y
604997206508853632, 12.467,  0.604, Y
604922229264428544, 16.605,  1.463, Y
604903576222013952, 13.575,  0.792, Y
604908347929907328, 12.948,  0.728, Y
604898452325375616, 17.795,  2.166, Y
604990197122292224, 17.660,  1.836, Y
604944356935258496, 17.767,  1.862, Y
604898490980774784, 19.043,  2.216, Y
604963052929005824, 16.446,  1.388, Y
604906702958193152, 13.231,  0.754, Y
604897936929290880, 18.725,  2.109, Y
604917010879734528, 14.317,  0.849, Y
604901102320830080, 16.010,  1.270, Y
604927039627095040, 18.082,  2.040, Y
604969203322163840, 13.965,  0.804, Y
604930754775030400, 15.853,  1.223, Y
604920683076006272, 12.402,  0.778, Y
604977106061961984, 13.030,  0.749, Y
604899448757770624, 17.027,  1.628, Y
604995415507212416, 17.717,  1.836, Y
604970131035099008, 17.003,  1.611, Y
604902682868787584, 13.563,  0.748, Y
604972394482497280, 18.844,  2.264, Y
604908519728692864, 17.883,  2.198, Y
598906771084100224, 14.868,  0.949, Y
598959371548059904, 15.625,  1.127, Y
604712531781276928, 17.823,  1.932, Y
605000058367154176, 17.077,  1.655, Y
604921958681906176, 11.835,  0.773, Y
604991330993688576, 16.852,  1.548, Y
604921305846836864, 14.033,  0.816, Y
604947140074786816, 18.803,  2.190, Y
604963980641948416, 16.713,  1.491, Y
604924088985647360, 18.147,  1.952, Y
604922336638992128, 15.938,  1.274, Y
604921821242945536, 14.808,  0.946, Y
604914468259140224, 12.517,  0.796, Y
604891550313644672, 13.066,  0.748, Y
604917487620349184, 12.953,  0.736, Y
604900754427832448, 18.301,  1.998, Y
604917560635577472, 12.695,  0.742, Y
604921477645534976, 15.086,  1.003, Y
604942879467199360, 17.567,  1.973, Y
604920442558052992, 15.661,  1.373, Y
604903782380443904, 17.936,  1.916, Y
604904194697320192, 17.829,  1.889, Y
604912745976557568, 16.036,  1.258, Y
604920549932809344, 15.180,  1.023, Y
604921134048349824, 14.160,  0.835, Y
604910478233820672, 16.332,  1.356, Y
604905053690766208, 15.630,  1.349, Y
604918282190042496, 15.104,  1.002, Y
604921061033552896, 18.627,  2.256, Y
604969714422619136, 14.792,  0.933, Y
604917388836866560, 15.436,  1.235, Y
604917457556344320, 17.047,  1.878, Y
604921885666815360, 13.972,  0.796, Y
604920923594172928, 12.158,  0.846, Y
604903159609527168, 17.759,  2.002, Y
604979987984213632, 13.220,  0.742, Y
604969787437705216, 12.647,  0.734, Y
604920000176937600, 14.866,  0.967, Y
604908489664691456, 17.918,  1.889, Y
604917732434325248, 13.167,  0.630, Y
604915636490059008, 12.702,  1.051, Y
604898555404553344, 17.537,  1.817, Y
604908386585458944, 13.265,  0.749, Y
