County	Senate_R	Senate_D	Gov_R	Gov_D	LtGov_R	LtGov_D	AG_R	AG_D	area_(mi^2)	pop	Total_Male	Total_Female	Anglo_Total	Anglo_Male	Anglo_Female	Black_Total	Black_Male	Black_Female	Other_Total
Anderson	11315	3287	11710	2849	11092	3330	11023	3294	286	58305	35437	22868	34175	18927	15248	12206	8830	3376	1639
Andrews	3338	776	3400	687	3126	908	3256	752	187	17829	8945	8884	7765	3794	3971	234	121	113	353
Angelina	19153	7123	19689	6401	18113	7692	18751	7065	912	90652	44877	45775	54106	26586	27520	13468	6443	7025	2546
Aransas	6648	2229	7044	1782	6525	2189	6522	2165	1311	25234	12441	12793	17043	8262	8781	265	150	115	991
Archer	3208	376	3259	323	3058	485	3143	393	1071	9123	4521	4602	8099	3999	4100	30	14	16	167
Armstrong	819	74	822	59	744	115	784	78	1052	1904	955	949	1732	874	858	11	7	4	42
Atascosa	7737	4325	8345	3649	7620	4237	7429	4364	3813	49086	24047	25039	16963	8119	8844	252	141	111	645
Austin	8702	2237	8988	1894	8424	2354	8398	2320	865	30565	15043	15522	18323	8815	9508	2891	1426	1465	717
Bailey	1202	405	1239	348	1146	407	1161	385	6193	7159	3647	3512	2409	1166	1243	61	38	23	103
Bandera	7643	1865	7866	1600	7570	1795	7450	1853	902	21897	10827	11070	17246	8477	8769	87	46	41	455
Bastrop	15049	12066	16332	10392	14874	11489	14393	11716	597	85193	43047	42146	43300	21094	22206	6166	3280	2886	2741
Baylor	1070	156	1090	129	986	203	1018	170	932	3761	1828	1933	3136	1540	1596	77	41	36	71
Bee	4341	2809	4827	2259	4096	2765	4090	2767	841	32910	19696	13214	10863	6653	4210	2550	2331	219	523
Bell	47279	38191	50992	33612	47486	36149	46921	36478	871	341417	169398	172019	161915	81212	80703	67765	33645	34120	29692
Bexar	216428	324688	249781	283755	226092	302854	213852	312369	901	1918444	948291	970153	516813	259731	257082	131876	66475	65401	95932
Blanco	4180	1567	4327	1349	4066	1579	4062	1566	1057	11403	5779	5624	8908	4442	4466	62	40	22	235
Borden	320	22	321	17	290	44	301	31	904	658	355	303	554	298	256	0	0	0	7
Bosque	5699	1365	5929	1095	5492	1448	5486	1393	707	18525	9293	9232	14342	7077	7265	293	162	131	413
Bowie	20131	7960	20625	7336	19158	8543	19706	7969	898	96524	49230	47294	60744	30274	30470	24088	12182	11906	4255
Brazoria	65470	45068	70139	39395	65272	43357	64229	43873	1017	351994	176919	175075	166463	83153	83310	46078	23526	22552	32972
Brazos	35724	27642	39141	23189	35460	25731	35595	25367	1072	219920	111780	108140	119433	60383	59050	24417	11845	12572	18114
Brewster	1868	2144	2022	1930	1839	2010	1844	1987	711	9257	4648	4609	4973	2499	2474	80	59	21	274
Briscoe	563	69	556	58	518	86	538	70	912	1404	698	706	947	472	475	36	15	21	24
Brooks	543	1376	658	1198	465	1320	440	1350	254	7175	3593	3582	569	286	283	20	12	8	39
Brown	10386	1669	10635	1457	10061	1873	10272	1694	1223	39080	19479	19601	27892	13725	14167	1395	774	621	1089
Burleson	5077	1425	5252	1275	4936	1526	4979	1477	1273	18171	9003	9168	11630	5658	5972	2188	1063	1125	300
Burnet	13791	4417	14423	3692	13475	4502	13352	4506	801	46447	22762	23685	33878	16263	17615	746	412	334	1003
Caldwell	6131	5212	6706	4496	6163	4949	5941	5051	953	40519	20345	20174	16343	8059	8284	2504	1315	1189	929
Calhoun	4198	1874	4409	1627	4015	1931	3961	1914	989	21698	10915	10783	8960	4481	4479	493	251	242	1309
Callahan	4363	608	4465	484	4204	676	4275	607	875	14147	6626	7521	12268	5652	6616	150	75	75	411
Cameron	28508	48656	34334	41885	28547	45259	26775	46763	924	423998	205892	218106	39360	19929	19431	1340	789	551	4667
Camp	2749	1117	2816	1027	2544	1288	2667	1138	1231	12778	6280	6498	7122	3451	3671	2156	1021	1135	435
Carson	2185	244	2202	207	1822	507	2071	303	546	6098	2984	3114	5316	2601	2715	33	15	18	147
Cass	8130	2013	8305	1880	7681	2429	8011	2103	792	30867	15077	15790	23433	11484	11949	5313	2551	2762	752
Castro	1219	394	1226	371	1010	547	1131	455	775	7594	3899	3695	2588	1332	1256	134	69	65	95
Chambers	12134	2921	12492	2457	11794	3009	11900	2897	836	40863	20470	20393	26960	13322	13638	3256	1655	1601	1131
Cherokee	11621	3200	11933	2932	11294	3443	11419	3279	599	52278	26802	25476	30741	15111	15630	7388	4027	3361	1404
Childress	1525	234	1545	204	1433	293	1475	243	880	6937	4101	2836	4135	2176	1959	658	525	133	166
Clay	3708	547	3805	449	3488	698	3605	579	411	10465	5100	5365	9608	4708	4900	48	25	23	316
Cochran	541	140	550	122	495	169	529	135	1569	3011	1504	1507	1229	619	610	103	44	59	38
Coke	1146	137	1185	116	1046	220	1109	165	920	3245	1597	1648	2548	1240	1308	8	6	2	62
Coleman	2758	351	2773	328	2621	423	2666	388	864	8657	4443	4214	6647	3410	3237	204	97	107	219
Collin	186625	164852	207213	138450	189552	152707	184386	156103	470	959054	469864	489190	545818	268413	277405	89991	41735	48256	155704
Collingsworth	810	113	827	101	735	169	788	121	917	2950	1438	1512	1755	865	890	126	53	73	80
Colorado	3565	1020	3663	896	3510	1034	3455	1041	938	21934	10989	10945	12156	6027	6129	2839	1401	1438	406
Comal	43918	16748	46471	14076	44235	15824	43528	16294	628	134668	66348	68320	94063	46420	47643	2169	1152	1017	3817
Comanche	3799	781	3906	657	3591	937	3676	827	885	13865	6931	6934	9516	4678	4838	27	12	15	216
Concho	800	163	822	145	737	218	781	175	908	4168	2827	1341	1810	915	895	57	50	7	45
Cooke	11868	2545	12284	2049	11590	2597	11538	2569	943	39545	19820	19725	29611	14586	15025	1101	612	489	1393
Coryell	10617	5052	11272	4379	10579	4897	10483	4931	963	75948	37002	38946	44472	21591	22881	10980	5267	5713	6337
Cottle	458	97	478	88	434	104	419	89	1052	1431	702	729	961	464	497	126	60	66	18
Crane	836	213	842	197	725	291	787	235	902	4886	2435	2451	1798	875	923	123	61	62	81
Crockett	927	340	920	333	797	389	841	341	662	3649	1807	1842	1241	613	628	11	7	4	42
Crosby	978	436	1005	391	904	481	928	440	252	5908	2857	3051	2193	1044	1149	169	73	96	67
Culberson	294	521	321	422	260	427	262	423	899	2233	1095	1138	460	235	225	6	3	3	53
Dallam	969	139	984	129	923	162	942	146	909	7193	3801	3392	3696	1918	1778	82	43	39	239
Dallas	240128	478289	282520	422653	248698	451912	239443	458891	3856	2591002	1291873	1299129	703882	347508	356374	576938	269504	307434	206893
Dawson	2240	874	2288	802	2038	996	2178	859	892	13436	7634	5802	4884	2731	2153	833	610	223	244
Deaf_Smith	2677	1065	2785	955	2547	1117	2617	1058	277	19567	9835	9732	5200	2537	2663	155	75	80	226
Delta	1561	354	1605	301	1476	430	1500	386	855	5211	2558	2653	4242	2071	2171	393	181	212	229
Denton	158509	134295	174204	113494	160412	124477	157348	126384	900	805292	396537	408755	465994	229553	236441	72572	34572	38000	91485
DeWitt	4974	1128	5115	942	4786	1203	4824	1157	970	20960	11048	9912	11064	5588	5476	1872	1113	759	449
Dickens	635	113	656	96	596	140	627	122	274	2131	1210	921	1356	704	652	72	64	8	51
Dimmit	839	2041	1041	1787	867	1864	762	1930	901	10459	5117	5342	1324	699	625	78	40	38	96
Donley	1109	411	1129	134	1036	196	1052	190	1175	3463	1753	1710	2898	1483	1415	183	91	92	66
Duval	1328	2765	1477	2456	1074	2686	1040	2688	896	11223	5809	5414	1095	616	479	80	76	4	64
Eastland	5373	796	5430	704	5158	937	5257	818	700	18516	9125	9391	14874	7215	7659	330	197	133	350
Ector	20958	9209	21898	8191	20925	8763	20702	8883	899	159974	79639	80335	57036	28134	28902	6377	3114	3263	4198
Edwards	603	145	634	100	595	116	587	121	528	1876	964	912	841	411	430	8	6	2	16
El_Paso	50288	149457	61963	132353	55815	133930	53061	135689	1013	168716	82982	85734	103220	50152	53068	15403	7443	7960	4575
Ellis	40979	19061	43598	15844	40162	18606	39841	18544	827	841570	410597	430973	95674	51014	44660	21273	12195	9078	20852
Erath	10039	2482	10337	2071	9698	2568	9764	2473	800	41392	20405	20987	30627	14782	15845	512	302	210	1077
Falls	3201	1440	3328	1282	3116	1458	3068	1474	900	17377	8314	9063	8678	4099	4579	4341	1902	2439	390
Fannin	8558	2105	8844	1766	8282	2232	8312	2145	4571	35048	18614	16434	27570	14041	13529	2273	1535	738	1188
Fayette	8218	2192	8566	1772	8006	2241	7890	2245	1160	25524	12665	12859	18019	8850	9169	1658	826	832	379
Fisher	1139	340	1161	310	1027	423	1081	357	2265	3855	1936	1919	2610	1297	1313	125	60	65	51
Floyd	1310	463	1364	399	1181	544	1251	475	1113	5871	2914	2957	2248	1099	1149	194	99	95	51
Foard	321	113	331	101	290	128	298	114	914	1191	576	615	941	454	487	50	18	32	9
Fort_Bend	111190	141846	125599	124879	114205	134867	110737	137223	710	744199	363586	380613	235981	116355	119626	158245	74251	83994	157889
Franklin	3290	639	3350	537	3107	739	3191	652	1387	10757	5505	5252	8340	4242	4098	432	219	213	291
Freestone	5230	1274	5322	1140	4880	1509	5023	1372	1133	20131	10594	9537	13409	6818	6591	3249	1783	1466	332
Frio	1628	2001	1832	1728	1625	1834	1518	1923	786	18822	10990	7832	2901	1558	1343	525	486	39	576
Gaines	3317	513	3305	475	3086	657	3225	539	900	20000	9981	10019	12240	6007	6233	307	154	153	257
Galveston	66436	43858	70807	38236	66323	41908	64787	42799	149	326418	163235	163183	183268	92259	91009	41553	19873	21680	19785
Garza	1068	201	1078	184	993	256	1054	194	888	6389	3998	2391	2855	1603	1252	388	261	127	73
Gillespie	9872	2560	10331	2020	9620	2614	9607	2537	695	26733	12877	13856	20230	9497	10733	85	43	42	382
Glasscock	513	37	515	36	459	75	491	47	198	1286	666	620	840	435	405	14	8	6	7
Goliad	2324	716	2395	616	2182	778	2177	772	3357	7742	3852	3890	4440	2188	2252	322	159	163	107
Gonzales	4171	1421	4391	1170	4137	1364	4042	1414	1068	20557	10486	10071	8394	4156	4238	1375	724	651	304
Gray	5240	613	5323	550	4936	844	5149	653	1044	22683	11927	10756	14277	7181	7096	1045	757	288	621
Grayson	31572	11130	32477	9833	30709	11109	30803	10930	923	126364	61889	64475	94180	45728	48452	7075	3523	3552	6895
Gregg	24457	11027	25439	9915	23513	11464	23937	10986	871	125907	62253	63654	69818	33916	35902	24218	11458	12760	4978
Grimes	6490	2034	6674	1855	6259	2194	6352	2056	1299	27647	15281	12366	16028	8709	7319	4386	2583	1803	629
Guadalupe	33881	20006	36230	17202	34132	18605	33128	19198	802	156046	75836	80210	80906	38613	42293	9743	4916	4827	6281
Hale	5349	1964	5521	1721	4998	2157	5227	1975	900	34932	18135	16797	12004	6139	5865	1746	1086	660	605
Hall	807	161	815	142	743	195	777	164	995	3104	1535	1569	1696	812	884	249	141	108	30
Hamilton	2606	456	2705	365	2486	549	2495	517	849	8686	4342	4344	7495	3705	3790	32	19	13	130
Hansford	1552	138	1548	120	1378	248	1492	149	750	5547	2841	2706	2762	1358	1404	28	16	12	70
Hardeman	973	185	997	154	889	229	919	199	1098	3870	1973	1897	2563	1271	1292	210	112	98	104
Hardin	17373	2634	17510	2325	16853	2798	16882	2629	3171	58206	28725	29481	50166	24684	25482	3433	1622	1811	1325
Harris	498175	698580	558958	627446	508278	674283	494114	683230	909	4565394	2286824	2278570	1301936	652140	649796	819610	385370	434240	406963
Harrison	16190	6205	16706	5530	15555	6536	15828	6197	938	68716	34184	34532	42595	21178	21417	14346	6761	7585	1793
Hartley	1467	153	1491	125	1396	192	1426	169	932	6342	3913	2429	4173	2323	1850	423	418	5	99
Haskell	1360	302	1385	267	1158	497	1277	360	693	5709	3025	2684	3787	1973	1814	207	130	77	135
Hays	33169	45355	37731	39285	33866	42174	32890	42746	1005	201588	99361	102227	109703	53642	56061	6021	3235	2786	7043
Hemphill	1201	156	1190	152	924	368	1092	209	653	4048	2072	1976	2691	1339	1352	5	2	3	57
Henderson	20865	5406	21748	4614	20610	5522	20651	5445	914	81750	40161	41589	63434	30846	32588	4975	2434	2541	2362
Hidalgo	46437	104234	55340	93771	46276	100290	44231	101918	971	855229	419071	436158	62860	31566	31294	3039	1988	1051	11490
Hill	8911	2433	9242	2045	8628	2535	8612	2449	900	35785	17844	17941	25255	12420	12835	2176	1045	1131	878
Hockley	4843	1208	4946	1027	4415	1489	4697	1221	1059	23462	11773	11689	11254	5591	5663	912	452	460	398
Hood	20073	4714	20848	3760	19697	4676	19502	4703	892	56616	27880	28736	48257	23485	24772	247	154	93	1363
Hopkins	9298	2542	9525	2216	8906	2778	8995	2643	1090	36498	18222	18276	26016	12731	13285	2570	1266	1304	1192
Houston	5536	1767	5643	1636	5390	1847	5422	1799	399	23370	12580	10790	14117	7208	6909	6084	3444	2640	533
Howard	5645	1690	5730	1546	5388	1779	5521	1636	874	36192	20437	15755	18593	10041	8552	2228	1610	618	999
Hudspeth	506	404	535	332	463	368	474	348	947	3673	1873	1800	650	357	293	28	22	6	51
Hunt	21094	7142	22055	5940	20718	6984	20395	7047	666	90920	44518	46402	63432	30625	32807	7508	3568	3940	4100
Hutchinson	5851	750	5871	685	5454	997	5696	787	4764	21541	10846	10695	15270	7606	7664	537	293	244	911
Irion	634	95	638	87	572	133	603	99	1454	1671	839	832	1215	607	608	10	6	4	27
Jack	2497	295	2538	245	2380	385	2425	334	748	9189	5127	4062	7192	3841	3351	328	292	36	146
Jackson	3908	831	4013	714	3811	881	3801	863	901	14762	7311	7451	8750	4290	4460	1039	488	551	249
Jasper	9475	2275	9701	1986	9132	2440	9271	2319	931	35572	17590	17982	26230	12874	13356	5902	2869	3033	1074
Jeff_Davis	683	465	719	407	600	509	648	459	918	2296	1146	1150	1361	668	693	11	8	3	56
Jefferson	36694	37059	38958	34451	36149	36611	35918	36835	905	248797	128328	120469	98562	49964	48598	83001	41145	41856	14875
Jim_Hogg	409	1060	508	938	359	1033	349	1031	919	5184	2573	2611	339	179	160	18	15	3	44
Jim_Wells	4512	5321	5082	4606	4301	5136	4272	5106	1729	39882	19781	20101	7185	3555	3630	149	91	58	375
Johnson	39541	12395	41453	10090	38993	12029	38354	12280	926	165405	82527	82878	117793	57727	60066	4768	2582	2186	6085
Jones	4107	830	4159	755	3811	1037	3977	879	1501	19997	12427	7570	11897	6452	5445	2146	1867	279	382
Karnes	2894	1200	3017	1052	2730	1234	2709	1226	1016	15510	9251	6259	6132	3345	2787	1347	1250	97	154
Kaufman	26095	12017	27464	10313	25777	11758	25497	11856	1052	119025	57904	61121	77968	37624	40344	12572	5993	6579	4158
Kendall	15274	4327	16058	3370	15228	4021	15035	4115	1280	42324	20274	22050	31878	14931	16947	163	93	70	907
Kenedy	100	77	111	57	79	64	85	64	1069	418	217	201	89	43	46	1	0	1	11
Kent	288	44	299	34	266	65	275	46	989	813	398	415	663	320	343	8	2	6	13
Kerr	16780	5170	17523	4241	16679	4996	16496	5023	562	51631	25056	26575	35738	16988	18750	755	461	294	1363
Kimble	1493	195	1527	161	1380	273	1464	202	807	4606	2328	2278	3330	1646	1684	11	9	2	62
King	124	6	119	6	93	26	110	13	673	299	147	152	253	118	135	0	0	0	6
Kinney	827	358	884	289	806	324	788	333	903	3710	2014	1696	1383	673	710	40	19	21	62
Kleberg	4073	4436	4818	3612	4009	4112	3960	4115	888	31462	16090	15372	6798	3592	3206	1105	630	475	1118
Knox	855	229	866	217	740	319	818	246	903	3562	1762	1800	2087	1041	1046	210	91	119	57
La_Salle	673	813	728	725	648	753	619	774	914	50653	24672	25981	36884	18003	18881	6859	3208	3651	2685
Lamar	12688	3715	13079	3216	12075	4119	12258	3802	785	13114	6591	6523	5060	2483	2577	538	279	259	245
Lamb	3044	773	3126	667	2823	898	2965	758	1134	20899	10354	10545	14937	7352	7585	593	304	289	1052
Lampasas	5814	1561	6051	1336	5754	1541	5738	1538	910	7620	4531	3089	916	483	433	19	18	1	59
Lavaca	6688	1018	6856	829	6440	1136	6460	1092	894	19709	9760	9949	14373	7036	7337	1357	688	669	303
Lee	4475	1318	4638	1125	4295	1407	4293	1350	848	17092	8621	8471	10695	5231	5464	1817	986	831	381
Leon	5709	854	5778	751	5418	1065	5585	875	692	17407	8788	8619	13207	6634	6573	1122	548	574	310
Liberty	16013	4402	16497	3798	15815	4333	15568	4438	931	80699	39723	40976	52424	25679	26745	8275	3914	4361	2115
Limestone	5193	1666	5309	1527	4829	1897	5044	1700	883	24012	12555	11457	14074	7173	6901	4033	2060	1973	561
Lipscomb	941	116	946	109	828	209	877	163	992	3453	1792	1661	2176	1106	1070	9	3	6	72
Live_Oak	2865	562	2944	471	2743	623	2763	604	923	11794	6334	5460	6796	3482	3314	458	436	22	222
Llano	7885	2111	8218	1739	7612	2222	7683	2156	904	19980	9664	10316	17738	8575	9163	117	69	48	380
Loving	46	6	46	9	43	11	44	9	1364	81	44	37	60	33	27	0	0	0	4
Lubbock	58709	31976	61696	27192	56379	31498	57550	30480	729	301706	150273	151433	160893	79594	81299	21987	11005	10982	13438
Lynn	1368	323	1379	302	1159	480	1282	364	962	5997	3014	2983	2884	1412	1472	115	67	48	78
Madison	3032	778	3080	721	2767	992	2920	827	512	8244	4081	4163	5325	2594	2731	119	59	60	138
Marion	2443	1012	2547	934	2414	1039	2440	1021	1251	251352	123219	128133	135262	66060	69202	37429	17704	19725	9631
Martin	1297	243	1303	229	1179	324	1247	260	1331	866	441	425	495	249	246	10	6	4	8
Mason	1560	402	1605	333	1468	444	1502	409	928	14273	8169	6104	8140	4293	3847	2692	1765	927	376
Matagorda	7326	3042	7698	2667	7191	3061	7118	3061	490	10191	5051	5140	7149	3593	3556	2302	1084	1218	381
Maverick	2950	7724	3493	6939	2959	7093	2770	7134	950	5622	2884	2738	2923	1491	1432	70	31	39	82
McCulloch	2244	400	2274	368	2141	466	2200	417	514	4094	2015	2079	3059	1464	1595	16	8	8	39
McLennan	45836	28426	49174	24716	44863	28133	44702	28003	836	36489	18426	18063	16068	8067	8001	3995	1909	2086	1182
McMullen	387	41	395	33	361	55	375	43	1106	56956	28072	28884	1762	975	787	69	43	26	857
Medina	11434	4613	12046	3957	11422	4443	11255	4543	232	50502	25696	24806	22529	11036	11493	918	792	126	937
Menard	629	144	644	128	588	163	604	151	919	2289	1204	1085	1345	678	667	14	11	3	15
Midland	31167	9085	32292	7544	30601	8653	30818	8405	914	162105	80733	81372	77968	38818	39150	9999	4906	5093	5561
Milam	5905	1981	6061	1782	5620	2129	5670	2066	900	24445	12188	12257	15105	7460	7645	2407	1176	1231	458
Mills	1763	229	1789	206	1603	357	1698	257	769	5028	2509	2519	3959	1939	2020	27	14	13	79
Mitchell	1584	323	1594	298	1455	401	1503	352	1793	8698	5328	3370	4208	2243	1965	918	819	99	126
Montague	6422	940	6560	765	6238	1008	6273	950	910	19717	9799	9918	16848	8367	8481	44	31	13	426
Montgomery	137231	51124	144490	42930	137449	48507	135957	49107	1232	557340	272566	284774	364978	175567	189411	24021	11516	12505	25853
Moore	3244	786	3264	747	2999	950	3156	807	1242	22722	11849	10873	7545	3713	3832	362	232	130	2271
Morris	3063	1320	3127	1213	2823	1488	2941	1366	1497	12942	6360	6582	8227	4046	4181	3007	1440	1567	445
Motley	483	41	488	34	451	70	468	45	1124	1112	558	554	924	460	464	21	13	8	7
Nacogdoches	13766	7721	14399	6835	13229	7656	13517	7231	1489	65596	31813	33783	37414	17954	19460	11940	5456	6484	2518
Navarro	10383	3913	10810	3407	10104	4001	10068	3984	2358	49338	24728	24610	27678	13696	13982	6214	2998	3216	1770
Newton	3660	993	3771	870	3545	1038	3532	1036	899	13969	7247	6722	10302	5271	5031	2862	1543	1319	381
Nolan	3116	927	3196	806	2894	1059	2985	957	906	14545	7314	7231	8395	4235	4160	668	336	332	251
Nueces	45875	47265	52827	39614	45544	45179	45000	45382	933	361556	178610	182946	105615	53034	52581	12548	6494	6054	12336
Ochiltree	2158	229	2166	212	1949	394	2072	267	586	10742	5557	5185	4563	2280	2283	16	6	10	170
Oldham	732	82	742	62	619	174	698	97	922	2068	1066	1002	1709	882	827	52	25	27	47
Orange	21156	5045	21716	4342	20583	5213	20648	5066	890	84219	42186	42033	67407	33630	33777	7435	3604	3831	2962
Palo_Pinto	7490	1817	7752	1512	7292	1874	7276	1865	794	28600	14171	14429	21499	10553	10946	632	340	292	595
Panola	7120	1598	7182	1494	6545	2043	6947	1646	992	24145	12094	12051	17340	8659	8681	3914	1888	2026	505
Parker	43994	9926	45902	8074	43670	9791	43291	9778	1522	132602	66117	66485	107921	52875	55046	2100	1465	635	4113
Parmer	1674	372	1679	352	1520	486	1608	391	2808	9882	5150	4732	3261	1644	1617	115	57	58	63
Pecos	2157	1336	2294	1165	2035	1314	2066	1284	1036	15908	8926	6982	4080	2434	1646	513	481	32	233
Polk	12735	3827	13068	3359	12358	3968	12369	3894	1462	48271	25918	22353	33790	17456	16334	5466	3359	2107	1778
Potter	16630	7494	17238	6652	16327	7276	16360	7190	830	123622	63616	60006	53718	26749	26969	12107	6983	5124	9304
Presidio	406	1172	465	1149	432	1132	416	1131	678	7518	3675	3843	1086	585	501	23	16	7	120
Rains	3424	587	3514	491	3361	607	3330	617	1247	11249	5562	5687	9776	4779	4997	227	121	106	294
Randall	37767	9324	38838	7829	36470	9561	36990	9019	903	133520	65027	68493	96997	46718	50279	3429	1912	1517	5481
Reagan	692	136	697	127	621	191	662	142	915	3685	1948	1737	1218	601	617	69	41	28	30
Real	1311	245	1341	213	1279	257	1090	235	1501	3462	1707	1755	2445	1192	1253	20	11	9	76
Red_River	3421	973	3470	904	3270	1062	3306	1017	904	11870	5854	6016	8520	4219	4301	2119	993	1126	359
Reeves	1125	1252	1204	1123	1067	1181	1037	1171	917	14576	8700	5876	2609	1724	885	686	582	104	207
Refugio	1636	846	1725	751	1545	860	1552	855	2120	7375	3694	3681	3124	1563	1561	430	228	202	130
Roberts	441	19	448	16	403	44	433	25	934	924	473	451	834	426	408	0	0	0	11
Robertson	4292	1942	4445	1753	4122	2003	4111	1969	1114	17518	8713	8805	9796	4893	4903	3691	1743	1948	328
Rockwall	26590	11713	28556	9393	26346	11260	25981	11459	650	93991	46013	47978	66148	32260	33888	5878	2854	3024	4914
Runnels	2842	385	2885	345	2558	588	2749	422	910	10398	5238	5160	6400	3162	3238	163	90	73	175
Rusk	12595	3609	12862	3233	11948	3943	12320	3610	1086	53886	28447	25439	33499	17148	16351	9337	5254	4083	1395
Sabine	3442	495	3473	456	3386	532	3389	514	711	11060	5451	5609	9530	4697	4833	763	381	382	323
San_Augustine	2260	734	2291	684	2197	764	2187	754	422	8355	4160	4195	5697	2851	2846	1945	945	1000	129
San_Jacinto	7487	1781	7710	1526	7356	1791	7212	1870	1050	27748	13670	14078	20430	9965	10465	2874	1436	1438	696
San_Patricio	11322	6755	12158	5823	11120	6648	11069	6628	1136	66237	33109	33128	25894	13017	12877	948	518	430	1577
San_Saba	1811	247	1835	211	1680	342	1748	264	1557	6219	3424	2795	3988	2069	1919	195	182	13	87
Schleicher	735	209	758	187	667	252	691	222	888	3172	1589	1583	1711	877	834	27	14	13	17
Scurry	3702	641	3747	576	3454	803	3585	679	940	17520	9427	8093	9290	4821	4469	766	564	202	261
Shackelford	1174	103	1190	87	1116	135	1144	112	794	3398	1649	1749	2971	1440	1531	9	4	5	66
Shelby	6005	1521	6129	1366	5725	1655	5888	1533	901	25438	12711	12727	15763	7817	7946	4215	1993	2222	390
Sherman	691	86	700	73	608	143	669	97	1502	3171	1630	1541	1673	845	828	10	9	1	42
Smith	53542	23036	55475	20487	52623	22535	52681	22242	786	224401	109415	114986	129364	62547	66817	39069	18212	20857	8610
Somervell	3032	633	3142	499	2934	655	2937	636	629	9000	4411	4589	6687	3274	3413	52	29	23	228
Starr	2436	8246	3210	6941	2227	7246	2067	7347	899	64071	31102	32969	2989	1470	1519	13	11	2	179
Stephens	2627	324	2649	291	2565	363	2578	344	588	9882	5134	4748	7163	3623	3540	196	134	62	179
Sterling	442	44	445	39	387	83	432	46	935	1346	682	664	854	425	429	12	11	1	32
Stonewall	497	112	503	96	441	151	471	122	997	1452	700	752	1159	564	595	39	19	20	31
Sutton	933	265	938	248	855	318	892	290	381	4039	2016	2023	1517	745	772	6	6	0	26
Swisher	1459	420	1489	368	1248	584	1357	480	836	7463	3981	3482	3519	1794	1725	542	373	169	145
Tarrant	308608	312477	339774	272985	313354	293861	306877	298565	989	1984677	976116	1008561	908388	446246	462142	306306	143200	163106	164878
Taylor	29751	10445	31087	8843	28964	10449	29372	9998	909	137289	67291	69998	85407	41464	43943	9819	5024	4795	7388
Terrell	323	138	316	136	283	140	276	147	788	853	433	420	431	217	214	4	3	1	17
Terry	2169	627	2220	551	1957	769	2080	637	1457	12766	6832	5934	5451	2838	2613	553	371	182	128
Throckmorton	617	77	625	63	535	137	599	79	1042	1517	754	763	1325	671	654	7	2	5	22
Titus	5654	2258	5828	2010	5266	2448	5451	2220	928	33746	16831	16915	14825	7224	7601	3036	1450	1586	833
Tom_Green	24568	9624	25705	8314	23260	10067	23709	9580	944	117944	58115	59829	63384	31182	32202	4206	2243	1963	3956
Travis	118603	356971	145105	318120	123557	335739	118767	340010	770	1194552	601978	592574	568828	285879	282949	91315	44347	46968	111421
Trinity	4146	998	4293	835	4042	1033	4028	1022	912	14441	7062	7379	11513	5611	5902	1408	664	744	305
Tyler	5874	1176	6033	965	5579	1301	5666	1210	880	22003	12256	9747	17360	9002	8358	2498	1647	851	464
Upshur	11517	2361	11625	2175	10768	2887	11231	2446	923	40795	20194	20601	32176	15892	16284	3507	1688	1819	1476
Upton	854	168	859	148	741	236	800	172	874	3573	1810	1763	1586	805	781	50	21	29	53
Uvalde	4343	3510	4747	3054	4311	3361	4144	3440	2636	27608	13527	14081	7297	3559	3738	118	72	46	380
Val_Verde	5290	5909	5938	5205	5326	5512	5089	5633	882	47874	24160	23714	7893	4319	3574	543	313	230	678
Van_Zandt	15181	2631	15606	2148	14547	3027	14670	2809	609	54550	26880	27670	45583	22276	23307	1487	759	728	1615
Victoria	18994	8039	19588	7238	18567	7892	18319	8098	356	92313	45219	47094	40416	19587	20829	5557	2676	2881	2748
Walker	11517	6163	12179	5311	11346	5978	11233	5953	841	71877	42133	29744	40649	22806	17843	15861	10181	5680	2314
Waller	10145	6317	10616	5774	10064	6215	9969	6212	895	49448	24401	25047	20624	10025	10599	10671	4761	5910	995
Ward	2092	799	2198	689	1882	913	2016	779	1061	11181	5468	5713	4821	2312	2509	538	280	258	203
Washington	10130	3254	10526	2725	9756	3422	9827	3247	712	35265	17580	17685	22272	10973	11299	6099	3006	3093	925
Webb	13813	35142	16286	32044	12983	33998	11584	34901	924	275040	135130	139910	8663	4776	3887	558	370	188	2176
Wharton	9092	3788	9470	3327	8889	3768	8808	3824	902	41103	20331	20772	18448	8984	9464	5529	2686	2843	576
Wheeler	1679	125	1682	126	1471	265	1625	147	1054	5538	2754	2784	3586	1760	1826	109	48	61	129
Wichita	23617	9948	24787	8594	23051	9740	23263	9524	887	133445	68649	64796	85466	43184	42282	13706	7506	6200	7770
Wilbarger	2638	776	2721	685	2491	847	2563	798	903	12513	6348	6165	7302	3654	3648	992	539	453	423
Willacy	1527	2773	1931	2257	1437	2596	1334	2679	1071	22016	12028	9988	2096	1126	970	352	316	36	201
Williamson	99696	105469	112023	89678	101377	98042	98024	100009	938	514534	248502	266032	303298	143922	159376	31939	15619	16320	43080
Wilson	13021	4563	13700	3796	12835	4431	12565	4627	1328	48676	24268	24408	27926	13931	13995	680	368	312	878
Winkler	1123	321	1150	284	1071	355	1100	318	1505	7908	4026	3882	3182	1633	1549	153	73	80	169
Wise	19010	3913	19621	3182	18651	3932	18522	3933	916	64218	32137	32081	47869	23625	24244	589	394	195	1823
Wood	13944	2620	14360	2313	13684	2852	13814	2677	923	44003	21682	22321	36402	17734	18668	2110	1058	1052	1097
Yoakum	1558	335	1558	303	1362	459	1512	334	930	8823	4461	4362	2957	1465	1492	58	24	34	123
Young	5531	818	5567	724	5279	963	5389	847	571	18807	9420	9387	14465	7083	7382	223	127	96	369
Zapata	820	1389	859	1290	733	1334	672	1373	854	14237	7209	7028	723	375	348	8	7	1	59
Zavala	589	2310	747	2080	604	2118	557	2157	854	12001	5949	6052	628	313	315	31	17	14	29
																			
																			
																			
																			
																			
																			
																			
																			
																			
																			
																			
																			
																			
																			
																			
																			
																			
																			
																			
																			
																			
																			
																			
																			
																			
																			
																			
																			
																			
																			
																			
																			
																			
																			
																			
																			
																			
																			
																			
																			
																			
																			
																			
																			
																			
																			
																			
																			
																			
																			
																			
																			
																			
																			
																			
																			
																			
																			
																			
																			
																			
																			
																			
																			
																			
																			
																			
																			
																			
																			
																			
																			
																			
																			
																			
																			
																			
																			
																			
																			
																			
																			
																			
																			
																			
																			
																			
																			
																			
																			
																			
																			
																			
																			
																			
																			
																			
																			
																			
																			
																			
																			
																			
																			
																			
																			
																			
																			
																			
																			
																			
																			
																			
																			
																			
																			
																			
																			
																			
																			
																			
																			
																			
																			
																			
																			
																			
																			
																			
																			
																			
																			
																			
																			
																			
																			
																			
																			
																			
																			
																			
																			
																			
																			
																			
																			
																			
																			
																			
																			
																			
																			
																			
																			
																			
																			
																			
																			
																			
																			
																			
																			
																			
																			
																			
																			
																			
																			
																			
																			
																			
																			
																			
																			
																			
																			
																			
																			
																			
																			
																			
																			
																			
																			
																			
																			
																			
																			
																			
																			
																			
																			
																			
																			
																			
																			
																			
																			
																			
																			
																			
																			
																			
																			
																			
																			
																			
																			
																			
																			
																			
																			
																			
																			
																			
																			
																			
																			
																			
																			
																			
																			
																			
																			
																			
																			
																			
																			
																			
																			
																			
																			
																			
																			
																			
																			
																			
																			
																			
																			
																			
																			
																			
																			
																			
																			
																			
																			
																			
																			
																			
																			
																			
																			
																			
																			
																			
																			
																			
																			
																			
																			
																			
																			
																			
																			
																			
																			
																			
																			
																			
																			
																			
																			
																			
																			
																			
																			
																			
																			
																			
																			
																			
																			
																			
																			
																			
																			
																			
																			
																			
																			
																			
																			
																			
																			
																			
																			
																			
																			
																			
																			
																			
																			
																			
																			
																			
																			
																			
																			
																			
																			
																			
																			
																			
																			
																			
																			
																			
																			
																			
																			
																			
																			
																			
																			
																			
																			
																			
																			
																			
																			
																			
																			
																			
																			
																			
																			
																			
																			
																			
																			
																			
																			
																			
																			
																			
																			
																			
																			
																			
																			
																			
																			
																			
																			
																			
																			
																			
																			
																			
																			
																			
																			
																			
																			
																			
																			
																			
																			
																			
																			
																			
																			
																			
																			
																			
																			
																			
																			
																			
																			
																			
																			
																			
																			
																			
																			
																			
																			
																			
																			
																			
																			
																			
																			
																			
																			
																			
																			
																			
																			
																			
																			
																			
																			
																			
																			
																			
																			
																			
																			
																			
																			
																			
																			
																			
																			
																			
																			
																			
																			
																			
																			
																			
																			
																			
																			
																			
																			
																			
																			
																			
																			
																			
																			
																			
																			
																			
																			
																			
																			
																			
																			
																			
																			
																			
																			
																			
																			
																			
																			
																			
																			
																			
																			
																			
																			
																			
																			
																			
																			
																			
																			
																			
																			
																			
																			
																			
																			
																			
																			
																			
																			
																			
																			
																			
																			
																			
																			
																			
																			
																			
																			
																			
																			
																			
																			
																			
																			
																			
																			
																			
																			
																			
																			
																			
																			
																			
																			
																			
																			
																			
																			
																			
																			
																			
																			
																			
																			
																			
																			
																			
																			
																			
																			
																			
																			
																			
																			
																			
																			
																			
																			
																			
																			
																			
																			
																			
																			
																			
																			
																			
																			
																			
																			
																			
																			
																			
																			
																			
																			
																			
																			
																			
																			
																			
																			
																			
																			
																			
																			
																			
																			
																			
																			
																			
																			
																			
																			
																			
																			
																			
																			
																			
																			
																			
																			
																			
																			
																			
																			
																			
																			
																			
																			
																			
																			
																			
																			
																			
																			
																			
																			
																			
																			
																			
																			
																			
																			
																			
																			
																			
																			
																			
																			
																			
																			
																			
																			
																			
																			
																			
																			
																			
																			
																			
																			
																			
																			
																			
																			
																			
																			
																			
																			
																			
																			
																			
																			
																			
																			
																			
																			
																			
																			
																			
																			
																			
																			
																			
																			
																			
																			
																			
																			
																			
																			
																			
																			
																			
																			
																			
																			
																			
																			
																			
																			
																			
																			
																			
																			
																			
																			
																			
																			
																			
																			
																			
																			
																			
																			
																			
																			
																			
																			
																			
																			
																			
																			
																			
																			
																			
																			
																			
																			
																			
																			
																			
																			
																			
																			
																			
																			
																			
																			
																			
																			
																			
																			
																			
																			
																			
																			
																			
																			
																			
																			
																			
																			
																			
																			
																			
																			
																			
																			
																			
																			
																			
																			
																			
																			
																			
																			
																			
																			
																			
																			
																			
																			
																			
																			
																			
																			
																			
																			
																			
																			
																			
																			
																			
																			
																			
																			
																			
																			
																			
																			
																			
																			
																			
																			
																			
																			
																			
																			
