District	number_R	percentage_R	number_D	percentage_D	number_L	percentage_L	number_I	percentage_I	total	anglo	black	hispanic	Black+Hispanic	other	%anglo	%black	%hispanic	%Black+Hispanic	%other
1	43265	100	-0.01	-0.01	-0.01	-0.01	-0.01	-0.01	165823	117338	33327	11467	44320	4165	70.8	20.1	6.9	26.7	2.5
2	45808	80	11421	20	-0.01	-0.01	-0.01	-0.01	173869	135981	12122	21966	33720	4168	78.2	7	12.6	19.4	2.4
3	48562	76	15314	24	-0.01	-0.01	-0.01	-0.01	164955	107092	14867	39782	54068	3795	64.9	9	24.1	32.8	2.3
4	44623	74	14595	24.2	1060	1.8	-0.01	-0.01	168429	124530	16065	24849	40471	3428	73.9	9.5	14.8	24	2
5	44264	79.3	11540	20.7	-0.01	-0.01	-0.01	-0.01	160253	112263	18339	27381	45334	2656	70.1	11.4	17.1	28.3	1.7
6	37056	75.6	-0.01	-0.01	-0.01	-0.01	11929	24.4	160008	95002	32036	29547	61025	3981	59.4	20	18.5	38.1	2.5
7	39446	100	-0.01	-0.01	-0.01	-0.01	-0.01	-0.01	161039	106262	29265	22631	51315	3462	66	18.2	14.1	31.9	2.1
8	36471	78.3	10136	21.7	-0.01	-0.01	-0.01	-0.01	161098	103871	25407	29753	54609	2618	64.5	15.8	18.5	33.9	1.6
9	45844	100	-0.01	-0.01	-0.01	-0.01	-0.01	-0.01	166719	117280	32185	15113	47002	2437	70.3	19.3	9.1	28.2	1.5
10	44601	70.3	17405	27.4	1453	2.3	-0.01	-0.01	163063	109279	15039	36350	50858	2926	67	9.2	22.3	31.2	1.8
11	38694	74.4	13334	25.6	-0.01	-0.01	-0.01	-0.01	168699	106828	29971	29464	58921	2950	63.3	17.8	17.5	34.9	1.7
12	33003	67.6	15828	32.4	-0.01	-0.01	-0.01	-0.01	160573	88576	32705	37508	69273	2724	55.2	20.4	23.4	43.1	1.7
13	48875	79.3	12733	20.7	-0.01	-0.01	-0.01	-0.01	170617	114088	21907	33214	54343	2186	66.9	12.8	19.5	31.9	1.3
14	26663	56.4	20647	43.6	-0.01	-0.01	-0.01	-0.01	163187	91954	20679	39815	59669	11564	56.3	12.7	24.4	36.6	7.1
15	52895	67.2	25843	32.8	-0.01	-0.01	-0.01	-0.01	167349	125304	7849	25412	32783	9262	74.9	4.7	15.2	19.6	5.5
16	49184	80.3	12033	19.7	-0.01	-0.01	-0.01	-0.01	166647	111475	10118	42040	51568	3604	66.9	6.1	25.2	30.9	2.2
17	33462	62.6	20033	37.4	-0.01	-0.01	-0.01	-0.01	163480	84877	14266	62565	75852	2751	51.9	8.7	38.3	46.4	1.7
18	35538	75.5	11514	24.5	-0.01	-0.01	-0.01	-0.01	169888	112196	27308	27871	54646	3046	66	16.1	16.4	32.2	1.8
19	49926	83.2	10070	16.8	-0.01	-0.01	-0.01	-0.01	171969	136189	20529	12250	32580	3200	79.2	11.9	7.1	18.9	1.9
20	57741	71.6	22943	28.4	-0.01	-0.01	-0.01	-0.01	159816	118501	6487	32380	38341	2974	74.1	4.1	20.3	24	1.9
21	46403	100	-0.01	-0.01	-0.01	-0.01	-0.01	-0.01	172180	132731	14676	19107	33446	6003	77.1	8.5	11.1	19.4	3.5
22	-0.01	-0.01	31387	100	-0.01	-0.01	-0.01	-0.01	161930	47667	79997	28558	107564	6699	29.4	49.4	17.6	66.4	4.1
23	32533	56.8	23580	41.1	1218	2.1	-0.01	-0.01	163720	84245	32909	42601	74398	5077	51.5	20.1	26	45.4	3.1
24	47209	69.8	19054	28.2	1384	2	-0.01	-0.01	162685	113174	12463	29304	41223	8288	69.6	7.7	18	25.3	5.1
25	40816	100	-0.01	-0.01	-0.01	-0.01	-0.01	-0.01	174168	95150	21003	54914	74931	4087	54.6	12.1	31.5	43	2.3
26	34432	52.5	31177	47.5	-0.01	-0.01	-0.01	-0.01	160091	70857	19496	26297	45147	44087	44.3	12.2	16.4	28.2	27.5
27	-0.01	-0.01	47305	100	-0.01	-0.01	-0.01	-0.01	160084	33610	70183	34803	103460	23014	21	43.8	21.7	64.6	14.4
28	44306	54.2	37427	45.8	-0.01	-0.01	-0.01	-0.01	160373	74705	24049	35273	58365	27303	46.6	15	22	36.4	17
29	46639	100	-0.01	-0.01	-0.01	-0.01	-0.01	-0.01	175700	88924	23718	45803	68765	18011	50.6	13.5	26.1	39.1	10.3
30	39613	74.7	13404	25.3	-0.01	-0.01	-0.01	-0.01	166022	86864	10124	66176	75302	3856	52.3	6.1	39.9	45.4	2.3
31	-0.01	-0.01	27389	100	-0.01	-0.01	-0.01	-0.01	171858	31309	1897	137900	139269	1280	18.2	1.1	80.2	81	0.7
32	38288	100	-0.01	-0.01	-0.01	-0.01	-0.01	-0.01	167074	69806	8272	83594	90764	6504	41.8	5	50	54.3	3.9
33	54761	65	28885	35	-0.01	-0.01	-0.01	-0.01	172135	120502	13027	26610	39069	12564	70	7.6	15.5	22.7	7.3
34	16045	38.9	25193	61.1	-0.01	-0.01	-0.01	-0.01	173149	42064	7192	122699	128708	2377	24.3	4.2	70.9	74.3	1.4
35	-0.01	-0.01	23315	100	-0.01	-0.01	-0.01	-0.01	168627	18059	1021	149049	149558	1010	10.7	0.6	88.4	88.7	0.6
36	-0.01	-0.01	25934	100	-0.01	-0.01	-0.01	-0.01	168963	10339	1096	156551	157010	1614	6.1	0.6	92.7	92.9	1
37	-0.01	-0.01	20281	100	-0.01	-0.01	-0.01	-0.01	169088	15906	1007	151762	152210	972	9.4	0.6	89.8	90	0.6
38	-0.01	-0.01	24494	100	-0.01	-0.01	-0.01	-0.01	168214	15376	1147	150188	150760	2078	9.1	0.7	89.3	89.6	1.2
39	-0.01	-0.01	25803	100	-0.01	-0.01	-0.01	-0.01	168659	13991	850	153591	153860	808	8.3	0.5	91.1	91.2	0.5
40	-0.01	-0.01	24189	100	-0.01	-0.01	-0.01	-0.01	168662	8009	1691	158204	159328	1325	4.7	1	93.8	94.5	0.8
41	15509	38.5	24752	61.5	-0.01	-0.01	-0.01	-0.01	168776	22300	1613	140608	141669	4807	13.2	1	83.3	83.9	2.8
42	8775	25.7	25383	74.3	-0.01	-0.01	-0.01	-0.01	167668	5689	885	160344	160665	1314	3.4	0.5	95.6	95.8	0.8
43	26453	61.1	16809	38.9	-0.01	-0.01	-0.01	-0.01	169564	53838	5772	107903	112884	2842	31.8	3.4	63.6	66.6	1.7
44	48631	68.7	22183	31.3	-0.01	-0.01	-0.01	-0.01	174451	97272	10595	63301	72854	4325	55.8	6.1	36.3	41.8	2.5
45	40381	48.4	42999	51.6	-0.01	-0.01	-0.01	-0.01	167604	100398	6692	57310	63034	4172	59.9	4	34.2	37.6	2.5
46	8470	15	46498	82.2	1592	2.8	-0.01	-0.01	166410	44557	36822	78546	113344	8509	26.8	22.1	47.2	68.1	5.1
47	49980	47.7	54890	52.3	-0.01	-0.01	-0.01	-0.01	175314	132050	3876	24994	28478	14786	75.3	2.2	14.3	16.2	8.4
48	-0.01	-0.01	67415	100	-0.01	-0.01	-0.01	-0.01	173008	115090	7015	39528	45768	12150	66.5	4.1	22.8	26.5	7
49	15601	17	76198	83	-0.01	-0.01	-0.01	-0.01	167309	102885	8878	41595	49627	14797	61.5	5.3	24.9	29.7	8.8
50	-0.01	-0.01	52559	100	-0.01	-0.01	-0.01	-0.01	166516	79100	21397	47886	67916	19500	47.5	12.8	28.8	40.8	11.7
51	-0.01	-0.01	49852	100	-0.01	-0.01	-0.01	-0.01	175709	43962	18247	110217	126426	5321	25	10.4	62.7	72	3
52	34279	48.3	36667	51.7	-0.01	-0.01	-0.01	-0.01	165994	90136	17823	49643	66084	9774	54.3	10.7	29.9	39.8	5.9
53	52813	78.6	14407	21.4	-0.01	-0.01	-0.01	-0.01	162897	107273	2831	50642	52943	2681	65.9	1.7	31.1	32.5	1.6
54	25924	53.8	22222	46.2	-0.01	-0.01	-0.01	-0.01	167736	79784	46625	33782	76929	11023	47.6	27.8	20.1	45.9	6.6
55	34219	100	-0.01	-0.01	-0.01	-0.01	-0.01	-0.01	162176	92341	28561	36671	63383	6452	56.9	17.6	22.6	39.1	4
56	37881	65.8	37881	34.2	-0.01	-0.01	-0.01	-0.01	163869	106652	18810	34724	52668	4549	65.1	11.5	21.2	32.1	2.8
57	41118	79	10901	21	-0.01	-0.01	-0.01	-0.01	164418	108810	27444	26106	53084	2524	66.2	16.7	15.9	32.3	1.5
58	49201	100	-0.01	-0.01	-0.01	-0.01	-0.01	-0.01	169146	130246	5133	30245	35028	3872	77	3	17.9	20.7	2.3
59	39217	100	-0.01	-0.01	-0.01	-0.01	-0.01	-0.01	163609	114120	15024	30355	44282	5207	69.8	9.2	18.6	27.1	3.2
60	56650	100	-0.01	-0.01	-0.01	-0.01	-0.01	-0.01	171429	139733	3874	25140	28705	2991	81.5	2.3	14.7	16.7	1.7
61	66643	100	-0.01	-0.01	-0.01	-0.01	-0.01	-0.01	176054	146820	3132	22522	25458	3776	83.4	1.8	12.8	14.5	2.1
62	41899	76.2	12047	21.9	1071	1.9	-0.01	-0.01	160023	126887	11006	17202	27854	5282	79.3	6.9	10.7	17.4	3.3
63	52893	67.2	25852	32.8	-0.01	-0.01	-0.01	-0.01	167337	120374	9137	25235	33906	13057	71.9	5.5	15.1	20.3	7.8
64	36195	52.8	30465	44.5	1849	2.7	-0.01	-0.01	167588	111452	15304	32863	47410	8726	66.5	9.1	19.6	28.3	5.2
65	28567	48.9	29894	51.1	-0.01	-0.01	-0.01	-0.01	165742	86044	22573	35451	57153	22545	51.9	13.6	21.4	34.5	13.6
66	34142	50.3	33.764	49.7	-0.01	-0.01	-0.01	-0.01	172129	102966	16300	17156	32910	36253	59.8	9.5	10	19.1	21.1
67	37075	51.1	35425	48.9	-0.01	-0.01	-0.01	-0.01	172141	102074	14383	27247	41009	29058	59.3	8.4	15.8	23.8	16.9
68	45794	100	-0.01	-0.01	-0.01	-0.01	-0.01	-0.01	160508	116007	6520	35631	41680	2821	72.3	4.1	22.2	26	1.8
69	36033	100	-0.01	-0.01	-0.01	-0.01	-0.01	-0.01	160087	114705	15750	24744	39667	5715	71.7	9.8	15.5	24.8	3.6
70	52354	61.8	32398	38.2	-0.01	-0.01	-0.01	-0.01	172135	116025	17060	30943	47268	8842	67.4	9.9	18	27.5	5.1
71	38430	78.1	10792	21.9	-0.01	-0.01	-0.01	-0.01	166924	109861	14598	39186	52596	4467	65.8	8.7	23.5	31.5	2.7
72	41369	100	-0.01	-0.01	-0.01	-0.01	-0.01	-0.01	170479	97832	8208	61907	69063	3584	57.4	4.8	36.3	40.5	2.1
73	69006	74.8	23237	25.2	-0.01	-0.01	-0.01	-0.01	166719	122605	2527	38787	40929	3185	73.5	1.5	23.3	24.5	1.9
74	-0.01	-0.01	25096	100	-0.01	-0.01	-0.01	-0.01	162357	27936	2887	130089	132317	2104	17.2	1.8	80.1	81.5	1.3
75	-0.01	-0.01	29956	100	-0.01	-0.01	-0.01	-0.01	159691	8078	2392	148326	150061	1552	5.1	1.5	92.9	94	1
76	-0.01	-0.01	29063	100	-0.01	-0.01	-0.01	-0.01	159752	13597	3880	141654	144519	1636	8.5	2.4	88.7	90.5	1
77	-0.01	-0.01	27168	100	-0.01	-0.01	-0.01	-0.01	160385	25754	6898	125882	131097	3534	16.1	4.3	78.5	81.7	2.2
78	16741	34.8	31361	65.2	-0.01	-0.01	-0.01	-0.01	160161	37494	9603	109817	117678	4989	23.4	6	68.6	73.5	3.1
79	-0.01	-0.01	32728	100	-0.01	-0.01	-0.01	-0.01	160658	20323	6773	132455	137779	2556	12.6	4.2	82.4	85.8	1.6
80	-0.01	-0.01	27753	100	-0.01	-0.01	-0.01	-0.01	161949	15843	1680	143670	144719	1387	9.8	1	88.7	89.4	0.9
81	29018	75	9670	25	-0.01	-0.01	-0.01	-0.01	169684	71335	7936	88424	95371	2978	42	4.7	52.1	56.2	1.8
82	37504	80.3	9207	19.7	-0.01	-0.01	-0.01	-0.01	163234	84174	11308	65126	75532	3528	51.6	6.9	39.9	46.3	2.2
83	45327	77.3	13276	22.7	-0.01	-0.01	-0.01	-0.01	173918	108110	7886	55199	62404	3404	62.2	4.5	31.7	35.9	2
84	27499	60.2	18192	39.8	-0.01	-0.01	-0.01	-0.01	167970	86129	18092	58817	75667	6174	51.3	10.8	35	45	3.7
85	31977	56.5	24618	43.5	-0.01	-0.01	-0.01	-0.01	160182	61044	24178	62118	85142	13996	38.1	15.1	38.8	53.2	8.7
86	46237	82.3	9968	17.7	-0.01	-0.01	-0.01	-0.01	165183	113779	4700	43386	47564	3840	68.9	2.8	26.3	28.8	2.3
87	32232	100	-0.01	-0.01	-0.01	-0.01	-0.01	-0.01	174343	91409	14813	60372	74125	8809	52.4	8.5	34.6	42.5	5.1
88	33690	83.8	6536	16.2	-0.01	-0.01	-0.01	-0.01	160896	81103	6552	71817	77704	2089	50.4	4.1	44.6	48.3	1.3
89	44312	59.6	30080	40.4	-0.01	-0.01	-0.01	-0.01	172138	109971	16949	25868	42183	19984	63.9	9.8	15	24.5	11.6
90	-0.01	-0.01	20675	100	-0.01	-0.01	-0.01	-0.01	159684	19535	17936	120611	137444	2705	12.2	11.2	75.5	86.1	1.7
91	34569	63.5	19845	36.5	-0.01	-0.01	-0.01	-0.01	162838	106860	9514	35088	43940	12038	65.6	5.8	21.5	27	7.4
92	29697	49.8	28251	47.4	1641	2.8	-0.01	-0.01	162326	99661	20670	27559	47356	15309	61.4	12.7	17	29.2	9.4
93	30819	53.9	26369	46.1	-0.01	-0.01	-0.01	-0.01	162161	87250	20875	42548	62359	12552	53.8	12.9	26.2	38.5	7.7
94	32395	52.5	27071	43.9	2228	3.6	-0.01	-0.01	167374	100601	24011	30454	53498	13275	60.1	14.3	18.2	32	7.9
95	32953	76.5	9384	21.8	734	1.7	-0.01	-0.01	161634	36645	74684	46614	119813	5176	22.7	46.2	28.8	74.1	3.2
96	32656	50.9	30295	47.2	1251	1.9	-0.01	-0.01	164930	95410	32980	28665	60789	8731	57.8	20	17.4	36.9	5.3
97	35083	53.2	29549	44.8	1283	1.9	-0.01	-0.01	168869	106809	23580	32085	54771	7289	63.2	14	19	32.4	4.3
98	56694	68.3	24294	29.3	2002	2.4	-0.01	-0.01	164081	128717	6304	18418	24312	11052	78.4	3.8	11.2	14.8	6.7
99	37944	64.3	21053	35.7	-0.01	-0.01	-0.01	-0.01	170473	113829	9312	41302	49986	6658	66.8	5.5	24.2	29.3	3.9
100	-0.01	-0.01	35751	100	-0.01	-0.01	-0.01	-0.01	161143	32813	64467	62055	125305	3025	20.4	40	38.5	77.8	1.9
101	-0.01	-0.01	31053	87.4	4480	12.6	-0.01	-0.01	164664	41818	46510	59633	104573	18273	25.4	28.2	36.2	63.5	11.1
102	26648	47.2	29829	52.8	-0.01	-0.01	-0.01	-0.01	161136	74711	24110	46236	69468	16957	46.4	15	28.7	43.1	10.5
103	8268	21.8	29661	78.2	-0.01	-0.01	-0.01	-0.01	170948	29916	14281	120597	133792	7240	17.5	8.4	70.5	78.3	4.2
104	-0.01	-0.01	25824	100	-0.01	-0.01	-0.01	-0.01	172784	20556	22483	126934	148031	4197	11.9	13	73.5	85.7	2.4
105	20266	45.3	24466	54.7	-0.01	-0.01	-0.01	-0.01	175728	61226	22257	79585	100619	13883	34.8	12.7	45.3	57.3	7.9
106	48374	58.3	34561	41.7	-0.01	-0.01	-0.01	-0.01	161947	109017	14594	27287	41288	11642	67.3	9	16.8	25.5	7.2
107	21770	42.9	28923	57.1	-0.01	-0.01	-0.01	-0.01	171872	78204	28731	58558	86313	7355	45.5	16.7	34.1	50.2	4.3
108	39294	50.3	38854	49.7	-0.01	-0.01	-0.01	-0.01	163233	107596	11061	36538	47069	8568	65.9	6.8	22.4	28.8	5.2
109	-0.01	-0.01	51864	98.5	-0.01	-0.01	804	1.5	174223	30788	102059	40402	140847	2588	17.7	58.6	23.2	80.8	1.5
110	-0.01	-0.01	27248	100	-0.01	-0.01	-0.01	-0.01	167508	15202	67282	84975	151032	1274	9.1	40.2	50.7	90.2	0.8
111	-0.01	-0.01	44239	100	-0.01	-0.01	-0.01	-0.01	166963	29633	84114	49704	132471	4859	17.7	50.4	29.8	79.3	2.9
112	27031	51.1	25891	48.9	-0.01	-0.01	-0.01	-0.01	167051	71046	25897	51074	76001	20004	42.5	15.5	30.6	45.5	12
113	24407	46.5	28060	53.5	-0.01	-0.01	-0.01	-0.01	171418	73918	33498	52207	84754	12746	43.1	19.5	30.5	49.4	7.4
114	29401	44.4	36744	55.6	-0.01	-0.01	-0.01	-0.01	172330	86581	28808	48808	76803	8946	50.2	16.7	28.3	44.6	5.2
115	24459	43.3	32065	56.7	-0.01	-0.01	-0.01	-0.01	171802	72503	19093	48267	66453	32846	42.2	11.1	28.1	38.7	19.1
116	13612	29.6	32375	70.4	-0.01	-0.01	-0.01	-0.01	171463	42413	11101	109168	118665	10385	24.7	6.5	63.7	69.2	6.1
117	24352	42.6	32779	42.6	-0.01	-0.01	-0.01	-0.01	168692	46592	11891	106587	116827	5273	27.6	7	63.2	69.3	3.1
118	17298	42	23929	58	-0.01	-0.01	-0.01	-0.01	164436	38919	5965	117922	122627	2890	23.7	3.6	71.7	74.6	1.8
119	-0.01	-0.01	30171	100	-0.01	-0.01	-0.01	-0.01	159981	36527	16141	106121	120422	3032	22.8	10.1	66.3	75.3	1.9
120	13269	31.6	28679	68.4	-0.01	-0.01	-0.01	-0.01	175132	41916	48723	81940	127067	6149	23.9	27.8	46.8	72.6	3.5
121	38619	53.2	32420	44.7	1513	2.1	-0.01	-0.01	174867	96370	11956	60454	71060	7437	55.1	6.8	34.6	40.6	4.3
122	58062	62	35577	38	-0.01	-0.01	-0.01	-0.01	175184	104514	7150	52896	59272	11398	59.7	4.1	30.2	33.8	6.5
123	-0.01	-0.01	36631	100	-0.01	-0.01	-0.01	-0.01	175674	41458	8034	124046	130651	3565	23.6	4.6	70.6	74.4	2
124	15151	32.4	31674	67.6	-0.01	-0.01	-0.01	-0.01	174795	34801	15068	121616	134589	5405	19.9	8.6	69.6	77	3.1
125	-0.01	-0.01	32791	81.4	7500	18.6	-0.01	-0.01	174549	35613	9034	126208	133661	5275	20.4	5.2	72.3	76.6	3
126	30351	54.8	24985	45.2	-0.01	-0.01	-0.01	-0.01	169256	73422	26024	51427	76265	19569	43.4	15.4	30.4	45.1	11.6
127	44550	80.3	-0.01	-0.01	10984	19.7	-0.01	-0.01	163983	101012	23258	33676	56023	6948	61.6	14.2	20.5	34.2	4.2
128	38159	100	-0.01	-0.01	-0.01	-0.01	-0.01	-0.01	172221	100218	17127	50363	66718	5285	58.2	9.9	29.2	38.7	3.1
129	36504	56.5	26993	41.8	1075	1.7	-0.01	-0.01	174127	96703	16451	40411	55952	21472	55.5	9.4	23.2	32.1	12.3
130	52073	68.5	22562	29.7	1428	1.9	-0.01	-0.01	175532	113514	14713	35344	49394	12624	64.7	8.4	20.1	28.1	7.2
131	5926	14.2	35878	85.8	-0.01	-0.01	-0.01	-0.01	175227	13429	73672	78148	149834	11964	7.7	42	44.6	85.5	6.8
132	32692	49.1	32789	49.2	1104	1.7	-0.01	-0.01	172973	73688	25141	62674	86307	12978	42.6	14.5	36.2	49.9	7.5
133	41293	58.1	29739	41.9	-0.01	-0.01	-0.01	-0.01	171401	107643	16294	27417	42867	20891	62.8	9.5	16	25	12.2
134	47164	53.2	41496	46.8	-0.01	-0.01	-0.01	-0.01	174421	120047	9141	24639	33366	21008	68.8	5.2	14.1	19.1	12
135	26685	47.7	28430	50.8	866	1.5	-0.01	-0.01	172422	70373	27996	54918	81463	20586	40.8	16.2	31.9	47.2	11.9
136	34031	43.8	41485	53.3	2253	2.9	-0.01	-0.01	164376	109590	9435	30443	39055	15731	66.7	5.7	18.5	23.8	9.6
137	-0.01	-0.01	17565	88.3	2335	11.7	-0.01	-0.01	171079	27373	32381	95367	125566	18140	16	18.9	55.7	73.4	10.6
138	24194	50.1	24122	49.9	20	0	-0.01	-0.01	173059	60222	16758	79784	95056	17781	34.8	9.7	46.1	54.9	10.3
139	-0.01	-0.01	37117	92.8	2884	7.2	-0.01	-0.01	175733	24514	73520	70182	141886	9333	13.9	41.8	39.9	80.7	5.3
140	-0.01	-0.01	19137	100	-0.01	-0.01	-0.01	-0.01	170732	14528	18832	135500	152887	3317	8.5	11	79.4	89.5	1.9
141	-0.01	-0.01	27912	100	-0.01	-0.01	-0.01	-0.01	166498	13997	81624	68609	148485	4016	8.4	49	41.2	89.2	2.4
142	-0.01	-0.01	32014	100	-0.01	-0.01	-0.01	-0.01	159541	25674	68513	63106	130070	3797	16.1	42.9	39.6	81.5	2.4
143	-0.01	-0.01	22470	100	-0.01	-0.01	-0.01	-0.01	167215	21702	21901	122406	142945	2568	13	13.1	73.2	85.5	1.5
144	9088	38.8	14324	61.2	-0.01	-0.01	-0.01	-0.01	161859	33375	6453	121302	126694	1790	20.6	4	74.9	78.3	1.1
145	-0.01	-0.01	24211	90.4	2584	9.6	-0.01	-0.01	164574	26289	11742	122458	132865	5420	16	7.1	74.4	80.7	3.3
146	-0.01	-0.01	35579	92.9	2726	7.1	-0.01	-0.01	174485	28516	77532	54162	129938	16031	16.3	44.4	31	74.5	9.2
147	10512	19.2	44217	80.8	-0.01	-0.01	-0.01	-0.01	175873	36595	67433	63401	129209	10069	20.8	38.3	36	73.5	5.7
148	15213	32.1	32147	67.9	-0.01	-0.01	-0.01	-0.01	170811	42627	12095	113469	124313	3871	25	7.1	66.4	72.8	2.3
149	-0.01	-0.01	27003	88.3	3575	11.7	-0.01	-0.01	170702	30453	44777	62582	105364	34885	17.8	26.2	36.7	61.7	20.4
150	40864	57.8	29837	42.2	-0.01	-0.01	-0.01	-0.01	168735	93732	24251	40195	63418	11585	55.5	14.4	23.8	37.6	6.9
																			
																			
																			
																			
																			
																			
																			
																			
																			
																			
																			
																			
																			
																			
																			
																			
																			
																			
																			
																			
																			
																			
																			
																			
																			
																			
																			
																			
																			
																			
																			
																			
																			
																			
																			
																			
																			
																			
																			
																			
																			
																			
																			
																			
																			
																			
																			
																			
																			
																			
																			
																			
																			
																			
																			
																			
																			
																			
																			
																			
																			
																			
																			
																			
																			
																			
																			
																			
																			
																			
																			
																			
																			
																			
																			
																			
																			
																			
																			
																			
																			
																			
																			
																			
																			
																			
																			
																			
																			
																			
																			
																			
																			
																			
																			
																			
																			
																			
																			
																			
																			
																			
																			
																			
																			
																			
																			
																			
																			
																			
																			
																			
																			
																			
																			
																			
																			
																			
																			
																			
																			
																			
																			
																			
																			
																			
																			
																			
																			
																			
																			
																			
																			
																			
																			
																			
																			
																			
																			
																			
																			
																			
																			
																			
																			
																			
																			
																			
																			
																			
																			
																			
																			
																			
																			
																			
																			
																			
																			
																			
																			
																			
																			
																			
																			
																			
																			
																			
																			
																			
																			
																			
																			
																			
																			
																			
																			
																			
																			
																			
																			
																			
																			
																			
																			
																			
																			
																			
																			
																			
																			
																			
																			
																			
																			
																			
																			
																			
																			
																			
																			
																			
																			
																			
																			
																			
																			
																			
																			
																			
																			
																			
																			
																			
																			
																			
																			
																			
																			
																			
																			
																			
																			
																			
																			
																			
																			
																			
																			
																			
																			
																			
																			
																			
																			
																			
																			
																			
																			
																			
																			
																			
																			
																			
																			
																			
																			
																			
																			
																			
																			
																			
																			
																			
																			
																			
																			
																			
																			
																			
																			
																			
																			
																			
																			
																			
																			
																			
																			
																			
																			
																			
																			
																			
																			
																			
																			
																			
																			
																			
																			
																			
																			
																			
																			
																			
																			
																			
																			
																			
																			
																			
																			
																			
																			
																			
																			
																			
																			
																			
																			
																			
																			
																			
																			
																			
																			
																			
																			
																			
																			
																			
																			
																			
																			
																			
																			
																			
																			
																			
																			
																			
																			
																			
																			
																			
																			
																			
																			
																			
																			
																			
																			
																			
																			
																			
																			
																			
																			
																			
																			
																			
																			
																			
																			
																			
																			
																			
																			
																			
																			
																			
																			
																			
																			
																			
																			
																			
																			
																			
																			
																			
																			
																			
																			
																			
																			
																			
																			
																			
																			
																			
																			
																			
																			
																			
																			
																			
																			
																			
																			
																			
																			
																			
																			
																			
																			
																			
																			
																			
																			
																			
																			
																			
																			
																			
																			
																			
																			
																			
																			
																			
																			
																			
																			
																			
																			
																			
																			
																			
																			
																			
																			
																			
																			
																			
																			
																			
																			
																			
																			
																			
																			
																			
																			
																			
																			
																			
																			
																			
																			
																			
																			
																			
																			
																			
																			
																			
																			
																			
																			
																			
																			
																			
																			
																			
																			
																			
																			
																			
																			
																			
																			
																			
																			
																			
																			
																			
																			
																			
																			
																			
																			
																			
																			
																			
																			
																			
																			
																			
																			
																			
																			
																			
																			
																			
																			
																			
																			
																			
																			
																			
																			
																			
																			
																			
																			
																			
																			
																			
																			
																			
																			
																			
																			
																			
																			
																			
																			
																			
																			
																			
																			
																			
																			
																			
																			
																			
																			
																			
																			
																			
																			
																			
																			
																			
																			
																			
																			
																			
																			
																			
																			
																			
																			
																			
																			
																			
																			
																			
																			
																			
																			
																			
																			
																			
																			
																			
																			
																			
																			
																			
																			
																			
																			
																			
																			
																			
																			
																			
																			
																			
																			
																			
																			
																			
																			
																			
																			
																			
																			
																			
																			
																			
																			
																			
																			
																			
																			
																			
																			
																			
																			
																			
																			
																			
																			
																			
																			
																			
																			
																			
																			
																			
																			
																			
																			
																			
																			
																			
																			
																			
																			
																			
																			
																			
																			
																			
																			
																			
																			
																			
																			
																			
																			
																			
																			
																			
																			
																			
																			
																			
																			
																			
																			
																			
																			
																			
																			
																			
																			
																			
																			
																			
																			
																			
																			
																			
																			
																			
																			
																			
																			
																			
																			
																			
																			
																			
																			
																			
																			
																			
																			
																			
																			
																			
																			
																			
																			
																			
																			
																			
																			
																			
																			
																			
																			
																			
																			
																			
																			
																			
																			
																			
																			
																			
																			
																			
																			
																			
																			
																			
																			
																			
																			
																			
																			
																			
																			
																			
																			
																			
																			
																			
																			
																			
																			
																			
																			
																			
																			
																			
																			
																			
																			
																			
																			
																			
																			
																			
																			
																			
																			
																			
																			
																			
																			
																			
																			
																			
																			
																			
																			
																			
																			
																			
																			
																			
																			
																			
																			
																			
																			
																			
																			
																			
																			
																			
																			
																			
																			
																			
																			
																			
																			
																			
																			
																			
																			
																			
																			
																			
																			
																			
																			
																			
																			
																			
																			
																			
																			
																			
																			
																			
																			
																			
																			
																			
																			
																			
																			
																			
																			
																			
																			
																			
																			
																			
																			
																			
																			
																			
																			
																			
																			
																			
																			
																			
																			
																			
																			
																			
																			
																			
																			
																			
																			
																			
																			
																			
																			
																			
																			
																			
																			
																			
																			
																			
																			
																			
																			
																			
																			
																			
																			
																			
																			
																			
																			
																			
																			
																			
																			
																			
																			
																			
																			
																			
																			
																			
																			
																			
																			
																			
																			
																			
																			
																			
																			
																			
																			
																			
																			
																			
																			
																			
																			
																			
																			
																			
																			
																			
																			
																			
																			
																			
																			
																			
																			
																			